4096
1 1
104 0 2 3 4 5 6 7 8 9 10 11 12 13 14 15 16 17 18 19 20 21 22 23 24 25 26 27 28 29 30 31 32 33 34 35 36 37 38 39 40 41 42 43 44 45 46 47 48 49 50 51 52 53 54 55 56 57 58 59 60 61 62 63 64 65 66 67 68 69 70 71 72 73 74 75 76 77 78 79 80 81 82 83 84 85 86 87 88 89 90 91 92 93 94 95 96 97 98 99 100 101 102 103 104
2 1 105
13 1 106 107 108 109 110 111 112 113 114 115 116 117
3 1 106 118
12 1 106 107 108 110 111 112 117 119 120 121 122
6 1 106 107 108 110 111
7 1 106 123 124 125 126 127
11 1 107 110 111 128 129 130 131 132 133 134
3 1 107 135
3 1 136 137
3 1 136 138
5 1 136 139 140 141
8 1 109 110 113 117 136 142 143
3 1 136 144
2 1 136
3 1 136 145
4 1 114 136 146
3 1 114 136
7 1 26 111 114 116 136 147
4 1 126 136 148
5 1 114 149 150 151
6 1 110 152 153 154 155
5 1 111 156 157 158
20 1 54 111 116 159 160 161 162 163 164 165 166 167 168 169 170 171 172 173 174
6 1 26 111 147 148 151
186 1 19 25 27 28 111 130 175 176 177 178 179 180 181 182 183 184 185 186 187 188 189 190 191 192 193 194 195 196 197 198 199 200 201 202 203 204 205 206 207 208 209 210 211 212 213 214 215 216 217 218 219 220 221 222 223 224 225 226 227 228 229 230 231 232 233 234 235 236 237 238 239 240 241 242 243 244 245 246 247 248 249 250 251 252 253 254 255 256 257 258 259 260 261 262 263 264 265 266 267 268 269 270 271 272 273 274 275 276 277 278 279 280 281 282 283 284 285 286 287 288 289 290 291 292 293 294 295 296 297 298 299 300 301 302 303 304 305 306 307 308 309 310 311 312 313 314 315 316 317 318 319 320 321 322 323 324 325 326 327 328 329 330 331 332 333 334 335 336 337 338 339 340 341 342 343 344 345 346 347 348 349 350 351 352 353
5 1 26 111 147 164
7 1 26 111 354 355 356 357
9 1 358 359 360 361 362 363 364 365
7 1 366 367 368 369 370 371
2 1 372
3 1 144 373
3 1 374 375
10 1 117 376 377 378 379 380 381 382 383
5 1 140 384 385 386
3 1 385 387
2 1 388
2 1 389
2 1 114
3 1 114 126
2 1 390
1 1
4 1 391 392 393
1 1
1 1
4 1 117 394 395
14 1 128 381 383 396 397 398 399 400 401 402 403 404 405
4 1 406 407 408
3 1 409 410
3 1 411 412
4 1 413 414 415
3 1 416 417
1 1
5 1 24 418 419 420
4 1 133 421 422
10 1 117 394 423 424 425 426 427 428 429
1 1
2 1 147
1 1
4 1 125 400 430
1 1
2 1 431
1 1
1 1
1 1
1 1
1 1
1 1
1 1
2 1 432
2 1 385
1 1
5 1 125 381 400 433
4 1 381 434 435
2 1 436
1 1
1 1
1 1
2 1 437
2 1 438
1 1
1 1
2 1 439
1 1
1 1
2 1 116
1 1
1 1
1 1
2 1 440
1 1
1 1
1 1
1 1
1 1
1 1
1 1
1 1
1 1
1 1
1 1
1 1
3 1 441 442
1 1
300 2 443 444 445 446 447 448 449 450 451 452 453 454 455 456 457 458 459 460 461 462 463 464 465 466 467 468 469 470 471 472 473 474 475 476 477 478 479 480 481 482 483 484 485 486 487 488 489 490 491 492 493 494 495 496 497 498 499 500 501 502 503 504 505 506 507 508 509 510 511 512 513 514 515 516 517 518 519 520 521 522 523 524 525 526 527 528 529 530 531 532 533 534 535 536 537 538 539 540 541 542 543 544 545 546 547 548 549 550 551 552 553 554 555 556 557 558 559 560 561 562 563 564 565 566 567 568 569 570 571 572 573 574 575 576 577 578 579 580 581 582 583 584 585 586 587 588 589 590 591 592 593 594 595 596 597 598 599 600 601 602 603 604 605 606 607 608 609 610 611 612 613 614 615 616 617 618 619 620 621 622 623 624 625 626 627 628 629 630 631 632 633 634 635 636 637 638 639 640 641 642 643 644 645 646 647 648 649 650 651 652 653 654 655 656 657 658 659 660 661 662 663 664 665 666 667 668 669 670 671 672 673 674 675 676 677 678 679 680 681 682 683 684 685 686 687 688 689 690 691 692 693 694 695 696 697 698 699 700 701 702 703 704 705 706 707 708 709 710 711 712 713 714 715 716 717 718 719 720 721 722 723 724 725 726 727 728 729 730 731 732 733 734 735 736 737 738 739 740 741
176 3 4 5 6 7 107 108 110 111 112 114 136 159 176 742 743 744 745 746 747 748 749 750 751 752 753 754 755 756 757 758 759 760 761 762 763 764 765 766 767 768 769 770 771 772 773 774 775 776 777 778 779 780 781 782 783 784 785 786 787 788 789 790 791 792 793 794 795 796 797 798 799 800 801 802 803 804 805 806 807 808 809 810 811 812 813 814 815 816 817 818 819 820 821 822 823 824 825 826 827 828 829 830 831 832 833 834 835 836 837 838 839 840 841 842 843 844 845 846 847 848 849 850 851 852 853 854 855 856 857 858 859 860 861 862 863 864 865 866 867 868 869 870 871 872 873 874 875 876 877 878 879 880 881 882 883 884 885 886 887 888 889 890 891 892 893 894 895 896 897 898 899 900 901 902 903
386 3 5 6 8 9 106 108 110 111 112 128 129 130 136 142 176 421 742 743 744 745 752 756 758 761 762 764 765 766 767 768 769 773 776 777 778 779 781 783 785 799 814 818 827 829 833 837 848 849 851 853 860 878 885 888 894 895 902 904 905 906 907 908 909 910 911 912 913 914 915 916 917 918 919 920 921 922 923 924 925 926 927 928 929 930 931 932 933 934 935 936 937 938 939 940 941 942 943 944 945 946 947 948 949 950 951 952 953 954 955 956 957 958 959 960 961 962 963 964 965 966 967 968 969 970 971 972 973 974 975 976 977 978 979 980 981 982 983 984 985 986 987 988 989 990 991 992 993 994 995 996 997 998 999 1000 1001 1002 1003 1004 1005 1006 1007 1008 1009 1010 1011 1012 1013 1014 1015 1016 1017 1018 1019 1020 1021 1022 1023 1024 1025 1026 1027 1028 1029 1030 1031 1032 1033 1034 1035 1036 1037 1038 1039 1040 1041 1042 1043 1044 1045 1046 1047 1048 1049 1050 1051 1052 1053 1054 1055 1056 1057 1058 1059 1060 1061 1062 1063 1064 1065 1066 1067 1068 1069 1070 1071 1072 1073 1074 1075 1076 1077 1078 1079 1080 1081 1082 1083 1084 1085 1086 1087 1088 1089 1090 1091 1092 1093 1094 1095 1096 1097 1098 1099 1100 1101 1102 1103 1104 1105 1106 1107 1108 1109 1110 1111 1112 1113 1114 1115 1116 1117 1118 1119 1120 1121 1122 1123 1124 1125 1126 1127 1128 1129 1130 1131 1132 1133 1134 1135 1136 1137 1138 1139 1140 1141 1142 1143 1144 1145 1146 1147 1148 1149 1150 1151 1152 1153 1154 1155 1156 1157 1158 1159 1160 1161 1162 1163 1164 1165 1166 1167 1168 1169 1170 1171 1172 1173 1174 1175 1176 1177 1178 1179 1180 1181 1182 1183 1184 1185 1186 1187 1188 1189 1190 1191 1192 1193 1194 1195 1196 1197 1198 1199 1200 1201 1202 1203 1204 1205 1206 1207 1208 1209 1210 1211 1212 1213 1214 1215 1216 1217 1218 1219 1220 1221 1222 1223 1224 1225 1226 1227 1228 1229 1230 1231
181 3 5 6 106 107 110 111 112 128 130 136 354 742 743 744 745 750 751 752 753 756 759 760 762 764 766 767 769 770 771 779 853 860 894 904 905 906 907 909 910 913 916 918 919 920 922 935 945 949 957 959 1003 1058 1066 1088 1099 1232 1233 1234 1235 1236 1237 1238 1239 1240 1241 1242 1243 1244 1245 1246 1247 1248 1249 1250 1251 1252 1253 1254 1255 1256 1257 1258 1259 1260 1261 1262 1263 1264 1265 1266 1267 1268 1269 1270 1271 1272 1273 1274 1275 1276 1277 1278 1279 1280 1281 1282 1283 1284 1285 1286 1287 1288 1289 1290 1291 1292 1293 1294 1295 1296 1297 1298 1299 1300 1301 1302 1303 1304 1305 1306 1307 1308 1309 1310 1311 1312 1313 1314 1315 1316 1317 1318 1319 1320 1321 1322 1323 1324 1325 1326 1327 1328 1329 1330 1331 1332 1333 1334 1335 1336 1337 1338 1339 1340 1341 1342 1343 1344 1345 1346 1347 1348 1349 1350 1351 1352 1353 1354 1355 1356
102 3 13 113 742 1236 1237 1357 1358 1359 1360 1361 1362 1363 1364 1365 1366 1367 1368 1369 1370 1371 1372 1373 1374 1375 1376 1377 1378 1379 1380 1381 1382 1383 1384 1385 1386 1387 1388 1389 1390 1391 1392 1393 1394 1395 1396 1397 1398 1399 1400 1401 1402 1403 1404 1405 1406 1407 1408 1409 1410 1411 1412 1413 1414 1415 1416 1417 1418 1419 1420 1421 1422 1423 1424 1425 1426 1427 1428 1429 1430 1431 1432 1433 1434 1435 1436 1437 1438 1439 1440 1441 1442 1443 1444 1445 1446 1447 1448 1449 1450 1451 1452
255 3 5 6 8 13 22 106 107 108 111 112 123 124 128 130 131 142 143 152 153 176 354 372 742 745 750 751 752 753 754 756 758 761 762 764 765 766 767 768 769 770 774 777 779 781 783 785 799 810 812 814 815 818 835 836 837 848 849 853 860 868 878 885 888 894 895 904 905 913 918 919 920 922 928 935 936 938 945 946 949 952 955 956 957 965 970 986 994 1003 1004 1005 1029 1041 1042 1044 1050 1056 1065 1066 1073 1086 1088 1096 1099 1102 1104 1111 1122 1130 1137 1143 1181 1188 1194 1196 1200 1201 1207 1208 1209 1212 1216 1217 1220 1223 1229 1231 1234 1236 1237 1242 1243 1244 1246 1253 1267 1269 1274 1277 1453 1454 1455 1456 1457 1458 1459 1460 1461 1462 1463 1464 1465 1466 1467 1468 1469 1470 1471 1472 1473 1474 1475 1476 1477 1478 1479 1480 1481 1482 1483 1484 1485 1486 1487 1488 1489 1490 1491 1492 1493 1494 1495 1496 1497 1498 1499 1500 1501 1502 1503 1504 1505 1506 1507 1508 1509 1510 1511 1512 1513 1514 1515 1516 1517 1518 1519 1520 1521 1522 1523 1524 1525 1526 1527 1528 1529 1530 1531 1532 1533 1534 1535 1536 1537 1538 1539 1540 1541 1542 1543 1544 1545 1546 1547 1548 1549 1550 1551 1552 1553 1554 1555 1556 1557 1558 1559 1560 1561 1562 1563 1564 1565 1566 1567 1568
293 3 5 6 8 19 23 24 25 26 27 28 106 107 108 110 112 115 128 129 130 131 136 139 150 161 176 185 354 377 378 379 419 742 750 756 758 759 761 762 764 765 766 767 768 769 770 774 777 781 783 785 793 799 810 814 818 825 836 837 840 848 849 851 853 860 868 873 878 885 888 894 895 898 900 904 905 907 912 913 916 923 928 935 937 945 949 952 954 955 956 957 970 986 997 1003 1044 1050 1066 1070 1088 1096 1099 1100 1104 1110 1131 1147 1160 1194 1196 1205 1207 1215 1232 1236 1241 1242 1244 1247 1248 1249 1253 1254 1460 1470 1477 1478 1486 1491 1496 1498 1500 1502 1511 1517 1522 1523 1524 1525 1534 1540 1559 1569 1570 1571 1572 1573 1574 1575 1576 1577 1578 1579 1580 1581 1582 1583 1584 1585 1586 1587 1588 1589 1590 1591 1592 1593 1594 1595 1596 1597 1598 1599 1600 1601 1602 1603 1604 1605 1606 1607 1608 1609 1610 1611 1612 1613 1614 1615 1616 1617 1618 1619 1620 1621 1622 1623 1624 1625 1626 1627 1628 1629 1630 1631 1632 1633 1634 1635 1636 1637 1638 1639 1640 1641 1642 1643 1644 1645 1646 1647 1648 1649 1650 1651 1652 1653 1654 1655 1656 1657 1658 1659 1660 1661 1662 1663 1664 1665 1666 1667 1668 1669 1670 1671 1672 1673 1674 1675 1676 1677 1678 1679 1680 1681 1682 1683 1684 1685 1686 1687 1688 1689 1690 1691 1692 1693 1694 1695 1696 1697 1698 1699 1700 1701 1702 1703 1704 1705 1706 1707 1708 1709 1710 1711 1712 1713 1714 1715 1716 1717 1718 1719
202 3 5 106 107 108 110 111 128 136 354 742 744 749 750 751 756 759 762 764 766 767 768 769 771 772 773 775 777 779 782 783 860 892 894 905 907 914 919 923 928 935 938 945 949 957 1044 1067 1088 1100 1104 1160 1236 1237 1244 1247 1248 1267 1268 1269 1358 1365 1455 1477 1479 1575 1576 1581 1702 1720 1721 1722 1723 1724 1725 1726 1727 1728 1729 1730 1731 1732 1733 1734 1735 1736 1737 1738 1739 1740 1741 1742 1743 1744 1745 1746 1747 1748 1749 1750 1751 1752 1753 1754 1755 1756 1757 1758 1759 1760 1761 1762 1763 1764 1765 1766 1767 1768 1769 1770 1771 1772 1773 1774 1775 1776 1777 1778 1779 1780 1781 1782 1783 1784 1785 1786 1787 1788 1789 1790 1791 1792 1793 1794 1795 1796 1797 1798 1799 1800 1801 1802 1803 1804 1805 1806 1807 1808 1809 1810 1811 1812 1813 1814 1815 1816 1817 1818 1819 1820 1821 1822 1823 1824 1825 1826 1827 1828 1829 1830 1831 1832 1833 1834 1835 1836 1837 1838 1839 1840 1841 1842 1843 1844 1845 1846 1847 1848 1849 1850 1851 1852 1853
132 3 13 109 742 772 1236 1274 1357 1361 1362 1363 1364 1365 1366 1368 1372 1373 1374 1375 1377 1378 1381 1382 1384 1385 1386 1388 1389 1393 1396 1400 1403 1404 1405 1406 1407 1408 1409 1410 1411 1412 1413 1414 1416 1419 1427 1429 1430 1436 1439 1440 1442 1443 1444 1854 1855 1856 1857 1858 1859 1860 1861 1862 1863 1864 1865 1866 1867 1868 1869 1870 1871 1872 1873 1874 1875 1876 1877 1878 1879 1880 1881 1882 1883 1884 1885 1886 1887 1888 1889 1890 1891 1892 1893 1894 1895 1896 1897 1898 1899 1900 1901 1902 1903 1904 1905 1906 1907 1908 1909 1910 1911 1912 1913 1914 1915 1916 1917 1918 1919 1920 1921 1922 1923 1924 1925 1926 1927 1928 1929 1930 1931
107 3 17 18 19 21 39 40 106 136 419 788 836 840 877 887 889 1655 1932 1933 1934 1935 1936 1937 1938 1939 1940 1941 1942 1943 1944 1945 1946 1947 1948 1949 1950 1951 1952 1953 1954 1955 1956 1957 1958 1959 1960 1961 1962 1963 1964 1965 1966 1967 1968 1969 1970 1971 1972 1973 1974 1975 1976 1977 1978 1979 1980 1981 1982 1983 1984 1985 1986 1987 1988 1989 1990 1991 1992 1993 1994 1995 1996 1997 1998 1999 2000 2001 2002 2003 2004 2005 2006 2007 2008 2009 2010 2011 2012 2013 2014 2015 2016 2017 2018 2019 2020 2021
63 3 111 128 762 860 949 1477 1616 2022 2023 2024 2025 2026 2027 2028 2029 2030 2031 2032 2033 2034 2035 2036 2037 2038 2039 2040 2041 2042 2043 2044 2045 2046 2047 2048 2049 2050 2051 2052 2053 2054 2055 2056 2057 2058 2059 2060 2061 2062 2063 2064 2065 2066 2067 2068 2069 2070 2071 2072 2073 2074 2075 2076
72 3 19 24 86 268 355 949 1957 2077 2078 2079 2080 2081 2082 2083 2084 2085 2086 2087 2088 2089 2090 2091 2092 2093 2094 2095 2096 2097 2098 2099 2100 2101 2102 2103 2104 2105 2106 2107 2108 2109 2110 2111 2112 2113 2114 2115 2116 2117 2118 2119 2120 2121 2122 2123 2124 2125 2126 2127 2128 2129 2130 2131 2132 2133 2134 2135 2136 2137 2138 2139 2140
127 3 5 13 34 46 56 118 176 208 378 379 403 793 799 812 888 1491 1525 1550 1986 1991 2095 2141 2142 2143 2144 2145 2146 2147 2148 2149 2150 2151 2152 2153 2154 2155 2156 2157 2158 2159 2160 2161 2162 2163 2164 2165 2166 2167 2168 2169 2170 2171 2172 2173 2174 2175 2176 2177 2178 2179 2180 2181 2182 2183 2184 2185 2186 2187 2188 2189 2190 2191 2192 2193 2194 2195 2196 2197 2198 2199 2200 2201 2202 2203 2204 2205 2206 2207 2208 2209 2210 2211 2212 2213 2214 2215 2216 2217 2218 2219 2220 2221 2222 2223 2224 2225 2226 2227 2228 2229 2230 2231 2232 2233 2234 2235 2236 2237 2238 2239 2240 2241 2242 2243 2244 2245
147 4 117 125 134 150 151 164 377 380 381 400 421 435 439 812 840 842 867 888 890 894 902 955 997 1044 1085 1093 1470 1490 1491 1502 1512 1619 1623 1640 1667 1685 1986 2160 2161 2167 2168 2169 2172 2173 2174 2175 2176 2177 2178 2179 2180 2181 2246 2247 2248 2249 2250 2251 2252 2253 2254 2255 2256 2257 2258 2259 2260 2261 2262 2263 2264 2265 2266 2267 2268 2269 2270 2271 2272 2273 2274 2275 2276 2277 2278 2279 2280 2281 2282 2283 2284 2285 2286 2287 2288 2289 2290 2291 2292 2293 2294 2295 2296 2297 2298 2299 2300 2301 2302 2303 2304 2305 2306 2307 2308 2309 2310 2311 2312 2313 2314 2315 2316 2317 2318 2319 2320 2321 2322 2323 2324 2325 2326 2327 2328 2329 2330 2331 2332 2333 2334 2335 2336 2337 2338 2339
133 5 120 128 354 765 1455 1766 2186 2187 2188 2189 2340 2341 2342 2343 2344 2345 2346 2347 2348 2349 2350 2351 2352 2353 2354 2355 2356 2357 2358 2359 2360 2361 2362 2363 2364 2365 2366 2367 2368 2369 2370 2371 2372 2373 2374 2375 2376 2377 2378 2379 2380 2381 2382 2383 2384 2385 2386 2387 2388 2389 2390 2391 2392 2393 2394 2395 2396 2397 2398 2399 2400 2401 2402 2403 2404 2405 2406 2407 2408 2409 2410 2411 2412 2413 2414 2415 2416 2417 2418 2419 2420 2421 2422 2423 2424 2425 2426 2427 2428 2429 2430 2431 2432 2433 2434 2435 2436 2437 2438 2439 2440 2441 2442 2443 2444 2445 2446 2447 2448 2449 2450 2451 2452 2453 2454 2455 2456 2457 2458 2459 2460 2461
144 5 119 121 128 2349 2363 2365 2438 2440 2462 2463 2464 2465 2466 2467 2468 2469 2470 2471 2472 2473 2474 2475 2476 2477 2478 2479 2480 2481 2482 2483 2484 2485 2486 2487 2488 2489 2490 2491 2492 2493 2494 2495 2496 2497 2498 2499 2500 2501 2502 2503 2504 2505 2506 2507 2508 2509 2510 2511 2512 2513 2514 2515 2516 2517 2518 2519 2520 2521 2522 2523 2524 2525 2526 2527 2528 2529 2530 2531 2532 2533 2534 2535 2536 2537 2538 2539 2540 2541 2542 2543 2544 2545 2546 2547 2548 2549 2550 2551 2552 2553 2554 2555 2556 2557 2558 2559 2560 2561 2562 2563 2564 2565 2566 2567 2568 2569 2570 2571 2572 2573 2574 2575 2576 2577 2578 2579 2580 2581 2582 2583 2584 2585 2586 2587 2588 2589 2590 2591 2592 2593 2594 2595 2596
125 5 120 128 765 2349 2350 2363 2380 2440 2462 2464 2467 2468 2469 2470 2472 2476 2477 2479 2488 2494 2495 2496 2501 2504 2505 2507 2508 2511 2512 2541 2548 2559 2574 2581 2587 2593 2597 2598 2599 2600 2601 2602 2603 2604 2605 2606 2607 2608 2609 2610 2611 2612 2613 2614 2615 2616 2617 2618 2619 2620 2621 2622 2623 2624 2625 2626 2627 2628 2629 2630 2631 2632 2633 2634 2635 2636 2637 2638 2639 2640 2641 2642 2643 2644 2645 2646 2647 2648 2649 2650 2651 2652 2653 2654 2655 2656 2657 2658 2659 2660 2661 2662 2663 2664 2665 2666 2667 2668 2669 2670 2671 2672 2673 2674 2675 2676 2677 2678 2679 2680 2681 2682 2683 2684
146 5 131 888 1470 1491 1503 1505 1532 1534 1537 1538 1547 1548 1598 1629 1667 2160 2167 2168 2169 2264 2276 2277 2685 2686 2687 2688 2689 2690 2691 2692 2693 2694 2695 2696 2697 2698 2699 2700 2701 2702 2703 2704 2705 2706 2707 2708 2709 2710 2711 2712 2713 2714 2715 2716 2717 2718 2719 2720 2721 2722 2723 2724 2725 2726 2727 2728 2729 2730 2731 2732 2733 2734 2735 2736 2737 2738 2739 2740 2741 2742 2743 2744 2745 2746 2747 2748 2749 2750 2751 2752 2753 2754 2755 2756 2757 2758 2759 2760 2761 2762 2763 2764 2765 2766 2767 2768 2769 2770 2771 2772 2773 2774 2775 2776 2777 2778 2779 2780 2781 2782 2783 2784 2785 2786 2787 2788 2789 2790 2791 2792 2793 2794 2795 2796 2797 2798 2799 2800 2801 2802 2803 2804 2805 2806 2807
18 7 110 125 151 1490 2167 2176 2285 2808 2809 2810 2811 2812 2813 2814 2815 2816 2817
17 7 110 1490 2168 2264 2296 2818 2819 2820 2821 2822 2823 2824 2825 2826 2827 2828
76 7 60 73 118 123 151 377 381 400 799 840 846 1215 1490 1491 1512 1550 1960 2168 2173 2178 2181 2264 2277 2296 2314 2315 2320 2334 2829 2830 2831 2832 2833 2834 2835 2836 2837 2838 2839 2840 2841 2842 2843 2844 2845 2846 2847 2848 2849 2850 2851 2852 2853 2854 2855 2856 2857 2858 2859 2860 2861 2862 2863 2864 2865 2866 2867 2868 2869 2870 2871 2872 2873 2874 2875
123 7 20 40 365 383 386 1517 1617 1975 2172 2180 2282 2317 2876 2877 2878 2879 2880 2881 2882 2883 2884 2885 2886 2887 2888 2889 2890 2891 2892 2893 2894 2895 2896 2897 2898 2899 2900 2901 2902 2903 2904 2905 2906 2907 2908 2909 2910 2911 2912 2913 2914 2915 2916 2917 2918 2919 2920 2921 2922 2923 2924 2925 2926 2927 2928 2929 2930 2931 2932 2933 2934 2935 2936 2937 2938 2939 2940 2941 2942 2943 2944 2945 2946 2947 2948 2949 2950 2951 2952 2953 2954 2955 2956 2957 2958 2959 2960 2961 2962 2963 2964 2965 2966 2967 2968 2969 2970 2971 2972 2973 2974 2975 2976 2977 2978 2979 2980 2981 2982 2983 2984 2985
18 7 381 795 842 1502 2248 2986 2987 2988 2989 2990 2991 2992 2993 2994 2995 2996 2997
25 8 47 107 108 110 111 112 115 119 120 121 151 160 767 774 1474 2248 2494 2998 2999 3000 3001 3002 3003 3004
17 8 107 111 147 799 818 842 1486 3005 3006 3007 3008 3009 3010 3011 3012 3013
20 8 26 107 108 110 111 195 196 766 767 768 853 1102 1501 3014 3015 3016 3017 3018 3019
21 8 110 111 122 151 1709 1710 1711 2168 2303 2690 2771 2815 3020 3021 3022 3023 3024 3025 3026 3027
17 8 3028 3029 3030 3031 3032 3033 3034 3035 3036 3037 3038 3039 3040 3041 3042 3043
54 8 55 134 986 2182 3044 3045 3046 3047 3048 3049 3050 3051 3052 3053 3054 3055 3056 3057 3058 3059 3060 3061 3062 3063 3064 3065 3066 3067 3068 3069 3070 3071 3072 3073 3074 3075 3076 3077 3078 3079 3080 3081 3082 3083 3084 3085 3086 3087 3088 3089 3090 3091 3092
110 8 118 133 164 421 427 428 853 1147 1171 1489 1519 2118 2136 2296 2327 2337 3055 3083 3089 3090 3093 3094 3095 3096 3097 3098 3099 3100 3101 3102 3103 3104 3105 3106 3107 3108 3109 3110 3111 3112 3113 3114 3115 3116 3117 3118 3119 3120 3121 3122 3123 3124 3125 3126 3127 3128 3129 3130 3131 3132 3133 3134 3135 3136 3137 3138 3139 3140 3141 3142 3143 3144 3145 3146 3147 3148 3149 3150 3151 3152 3153 3154 3155 3156 3157 3158 3159 3160 3161 3162 3163 3164 3165 3166 3167 3168 3169 3170 3171 3172 3173 3174 3175 3176 3177 3178 3179 3180 3181
114 9 1726 3182 3183 3184 3185 3186 3187 3188 3189 3190 3191 3192 3193 3194 3195 3196 3197 3198 3199 3200 3201 3202 3203 3204 3205 3206 3207 3208 3209 3210 3211 3212 3213 3214 3215 3216 3217 3218 3219 3220 3221 3222 3223 3224 3225 3226 3227 3228 3229 3230 3231 3232 3233 3234 3235 3236 3237 3238 3239 3240 3241 3242 3243 3244 3245 3246 3247 3248 3249 3250 3251 3252 3253 3254 3255 3256 3257 3258 3259 3260 3261 3262 3263 3264 3265 3266 3267 3268 3269 3270 3271 3272 3273 3274 3275 3276 3277 3278 3279 3280 3281 3282 3283 3284 3285 3286 3287 3288 3289 3290 3291 3292 3293
285 10 11 12 13 14 15 16 17 18 19 20 106 107 108 111 112 114 139 159 742 743 744 746 748 749 754 758 762 763 764 768 771 772 774 775 777 782 801 854 879 906 913 919 923 928 935 957 1029 1030 1070 1093 1096 1132 1237 1240 1247 1249 1251 1252 1255 1256 1267 1268 1269 1272 1368 1371 1379 1456 1468 1594 1595 1598 1599 1600 1721 1722 1725 1726 1731 1740 1750 1754 1756 1757 1758 1932 1934 1935 2147 2248 2686 3020 3096 3097 3294 3295 3296 3297 3298 3299 3300 3301 3302 3303 3304 3305 3306 3307 3308 3309 3310 3311 3312 3313 3314 3315 3316 3317 3318 3319 3320 3321 3322 3323 3324 3325 3326 3327 3328 3329 3330 3331 3332 3333 3334 3335 3336 3337 3338 3339 3340 3341 3342 3343 3344 3345 3346 3347 3348 3349 3350 3351 3352 3353 3354 3355 3356 3357 3358 3359 3360 3361 3362 3363 3364 3365 3366 3367 3368 3369 3370 3371 3372 3373 3374 3375 3376 3377 3378 3379 3380 3381 3382 3383 3384 3385 3386 3387 3388 3389 3390 3391 3392 3393 3394 3395 3396 3397 3398 3399 3400 3401 3402 3403 3404 3405 3406 3407 3408 3409 3410 3411 3412 3413 3414 3415 3416 3417 3418 3419 3420 3421 3422 3423 3424 3425 3426 3427 3428 3429 3430 3431 3432 3433 3434 3435 3436 3437 3438 3439 3440 3441 3442 3443 3444 3445 3446 3447 3448 3449 3450 3451 3452 3453 3454 3455 3456 3457 3458 3459 3460 3461 3462 3463 3464 3465 3466 3467 3468 3469 3470 3471 3472 3473 3474 3475 3476 3477 3478 3479 3480 3481 3482 3483
16 10 3484 3485 3486 3487 3488 3489 3490 3491 3492 3493 3494 3495 3496 3497 3498
16 11 3499 3500 3501 3502 3503 3504 3505 3506 3507 3508 3509 3510 3511 3512 3513
263 12 111 136 159 390 742 743 746 748 749 754 758 760 762 766 769 774 860 887 922 928 935 949 957 1070 1456 1468 1477 1478 1594 1599 1600 1615 1616 1617 1618 1932 1943 1944 1945 1946 2142 2251 2687 2692 3014 3306 3307 3309 3313 3325 3326 3327 3357 3358 3375 3389 3391 3397 3418 3424 3425 3433 3444 3446 3450 3456 3460 3466 3514 3515 3516 3517 3518 3519 3520 3521 3522 3523 3524 3525 3526 3527 3528 3529 3530 3531 3532 3533 3534 3535 3536 3537 3538 3539 3540 3541 3542 3543 3544 3545 3546 3547 3548 3549 3550 3551 3552 3553 3554 3555 3556 3557 3558 3559 3560 3561 3562 3563 3564 3565 3566 3567 3568 3569 3570 3571 3572 3573 3574 3575 3576 3577 3578 3579 3580 3581 3582 3583 3584 3585 3586 3587 3588 3589 3590 3591 3592 3593 3594 3595 3596 3597 3598 3599 3600 3601 3602 3603 3604 3605 3606 3607 3608 3609 3610 3611 3612 3613 3614 3615 3616 3617 3618 3619 3620 3621 3622 3623 3624 3625 3626 3627 3628 3629 3630 3631 3632 3633 3634 3635 3636 3637 3638 3639 3640 3641 3642 3643 3644 3645 3646 3647 3648 3649 3650 3651 3652 3653 3654 3655 3656 3657 3658 3659 3660 3661 3662 3663 3664 3665 3666 3667 3668 3669 3670 3671 3672 3673 3674 3675 3676 3677 3678 3679 3680 3681 3682 3683 3684 3685 3686 3687 3688 3689 3690 3691 3692 3693 3694 3695 3696 3697 3698 3699 3700 3701 3702 3703 3704 3705 3706 3707
424 12 35 160 376 786 789 795 815 857 928 955 1605 1619 1933 1937 1939 1951 2267 2496 3020 3023 3215 3374 3382 3396 3404 3405 3417 3422 3434 3446 3519 3522 3542 3566 3627 3708 3709 3710 3711 3712 3713 3714 3715 3716 3717 3718 3719 3720 3721 3722 3723 3724 3725 3726 3727 3728 3729 3730 3731 3732 3733 3734 3735 3736 3737 3738 3739 3740 3741 3742 3743 3744 3745 3746 3747 3748 3749 3750 3751 3752 3753 3754 3755 3756 3757 3758 3759 3760 3761 3762 3763 3764 3765 3766 3767 3768 3769 3770 3771 3772 3773 3774 3775 3776 3777 3778 3779 3780 3781 3782 3783 3784 3785 3786 3787 3788 3789 3790 3791 3792 3793 3794 3795 3796 3797 3798 3799 3800 3801 3802 3803 3804 3805 3806 3807 3808 3809 3810 3811 3812 3813 3814 3815 3816 3817 3818 3819 3820 3821 3822 3823 3824 3825 3826 3827 3828 3829 3830 3831 3832 3833 3834 3835 3836 3837 3838 3839 3840 3841 3842 3843 3844 3845 3846 3847 3848 3849 3850 3851 3852 3853 3854 3855 3856 3857 3858 3859 3860 3861 3862 3863 3864 3865 3866 3867 3868 3869 3870 3871 3872 3873 3874 3875 3876 3877 3878 3879 3880 3881 3882 3883 3884 3885 3886 3887 3888 3889 3890 3891 3892 3893 3894 3895 3896 3897 3898 3899 3900 3901 3902 3903 3904 3905 3906 3907 3908 3909 3910 3911 3912 3913 3914 3915 3916 3917 3918 3919 3920 3921 3922 3923 3924 3925 3926 3927 3928 3929 3930 3931 3932 3933 3934 3935 3936 3937 3938 3939 3940 3941 3942 3943 3944 3945 3946 3947 3948 3949 3950 3951 3952 3953 3954 3955 3956 3957 3958 3959 3960 3961 3962 3963 3964 3965 3966 3967 3968 3969 3970 3971 3972 3973 3974 3975 3976 3977 3978 3979 3980 3981 3982 3983 3984 3985 3986 3987 3988 3989 3990 3991 3992 3993 3994 3995 3996 3997 3998 3999 4000 4001 4002 4003 4004 4005 4006 4007 4008 4009 4010 4011 4012 4013 4014 4015 4016 4017 4018 4019 4020 4021 4022 4023 4024 4025 4026 4027 4028 4029 4030 4031 4032 4033 4034 4035 4036 4037 4038 4039 4040 4041 4042 4043 4044 4045 4046 4047 4048 4049 4050 4051 4052 4053 4054 4055 4056 4057 4058 4059 4060 4061 4062 4063 4064 4065 4066 4067 4068 4069 4070 4071 4072 4073 4074 4075 4076 4077 4078 4079 4080 4081 4082 4083 4084 4085 4086 4087 4088 4089 4090 4091 4092 4093 4094 4095
3 12 2193 2687
11 13 107 110 767 774 935 1489 1684 3371 3405 3425
5 13 110 767 788 1489
2 14 32
129 16 163 187 246 493 495 530 573 581 583 592 678 720 772 797 835 836 868 937 951 957 991 1079 1090 1129 1147 1162 1190 1195 1225 1298 1374 1386 1392 1458 1461 1476 1488 1517 1585 1587 1591 1596 1623 1712 1766 1826 1855 1856 1932 1952 2005 2030 2078 2158 2164 2165 2172 2173 2174 2177 2178 2180 2181 2248 2250 2254 2265 2278 2281 2283 2285 2286 2288 2289 2295 2306 2313 2315 2316 2320 2328 2331 2335 2338 2367 2482 2496 2504 2505 2507 2508 2608 2612 2722 2914 3106 3109 3191 3194 3195 3205 3207 3211 3337 3342 3359 3392 3409 3434 3541 3562 3581 3591 3782 3843 3850 3873 3874 3903 3909 3929 3992 4002 4004 4018 4047 4069 4093
28 17 795 1658 1937 1951 2091 2320 2895 2912 3006 3102 3114 3115 3408 3417 3434 3759 3766 3782 3784 3819 3822 3906 3927 3979 4019 4058 4088
26 19 25 27 58 129 762 843 874 989 1142 1489 1496 1706 2114 2248 2306 2841 2918 2989 3052 3058 3119 3120 3121 3711 3725
7 20 25 254 294 3007 3008 3216
9 21 397 742 1236 1248 1254 1470 1471 3542
44 21 111 118 161 185 377 380 383 403 404 420 810 825 840 848 867 888 945 954 1478 1491 1626 1640 1667 1685 2160 2161 2162 2177 2184 2185 2251 2261 2265 2276 2277 2285 2288 2295 2296 2305 2333 2791 2820
72 21 25 118 123 125 128 131 160 161 377 380 404 420 766 768 777 786 799 812 840 842 848 867 888 898 945 955 1088 1487 1491 1498 1512 1517 1550 1594 1605 1626 1640 1655 1667 1685 1688 1699 1710 1711 2153 2160 2162 2167 2168 2169 2173 2174 2181 2183 2253 2263 2264 2275 2276 2277 2283 2285 2301 2305 2315 2327 2333 2719 2791 2820 2831
3 22 110 1469
3 22 110 1469
1 22
2 22 3567
8 23 748 774 1088 1100 1594 1693 2010
1 23
2 23 1052
17 24 106 136 139 354 743 744 747 750 1233 1240 1573 2462 3294 3306 3307 3343
7 24 128 140 151 398 1519 1634
7 24 111 150 151 381 419 435
1 24
2 24 145
10 24 27 118 134 2307 2310 2337 2437 3090 3126
1 24
2 24 2296
2 24 382
1 24
1 24
1 24
2 24 379
1 24
1 24
1 24
1 26
8 26 106 107 110 111 117 185 380
1 26
2 26 326
1 26
2 26 213
1 26
2 26 422
1 26
7 26 194 199 212 215 265 326
13 26 111 150 176 390 810 1044 1682 2310 2788 3455 3652 3690
2 26 214
2 26 145
1 26
1 26
1 26
1 26
2 26 326
2 26 1682
2 26 184
3 26 130 441
2 26 130
1 26
1 26
5 26 184 211 326 2961
1 26
1 26
1 26
2 26 3104
1 26
1 26
1 26
1 26
3 26 117 393
1 26
1 26
2 26 199
2 26 184
2 26 180
4 26 186 326 2862
3 26 184 326
1 26
2 26 326
1 26
1 26
1 26
1 26
1 26
2 26 326
1 26
1 26
1 26
1 26
2 26 326
1 26
1 26
1 26
1 26
1 26
1 26
1 26
1 26
1 26
1 26
1 26
1 26
1 26
1 26
1 26
1 26
2 26 326
3 26 145 2859
1 26
1 26
1 26
1 26
1 26
1 26
1 26
2 26 148
1 26
1 26
1 26
1 26
2 26 326
1 26
1 26
1 26
1 26
1 26
2 26 184
2 26 326
1 26
2 26 116
1 26
1 26
1 26
1 26
1 26
1 26
1 26
2 26 326
1 26
1 26
1 26
1 26
1 26
1 26
1 26
1 26
1 26
2 26 326
1 26
1 26
1 26
1 26
1 26
1 26
1 26
2 26 148
1 26
1 26
2 26 382
1 26
1 26
1 26
1 26
2 26 326
2 26 326
1 26
1 26
1 26
1 26
1 26
1 26
2 26 326
1 26
1 26
1 26
2 26 326
1 26
1 26
1 26
1 26
1 26
1 26
1 26
1 26
1 26
1 26
1 26
22 26 178 184 192 199 214 215 217 223 228 245 259 266 276 286 302 303 310 314 335 342 3016
1 26
1 26
1 26
1 26
1 26
1 26
2 26 380
1 26
2 26 326
1 26
1 26
1 26
1 26
1 26
1 26
2 26 326
1 26
1 26
1 26
1 26
1 26
1 26
1 26
1 26
1 26
1 26
1 26
66 28 108 110 111 112 119 159 742 749 750 751 756 762 764 766 767 769 772 860 892 900 904 905 908 913 919 935 938 949 1029 1056 1141 1232 1248 1257 1267 1269 1453 1455 1460 1479 1569 1571 1573 1574 1581 1583 1721 1725 1740 1745 1755 1756 1760 1766 1767 1768 2348 2368 2370 2371 2373 2469 3317 3349 3515
8 28 116 896 1198 2083 2084 2085 2839
3 28 1784 2030
12 28 392 749 1078 1498 1502 2010 2182 2248 2316 2329 2998
11 29 362 742 831 930 1298 1374 3093 3095 3209 3911
1 29
1 29
1 29
2 29 358
7 29 384 986 1489 1557 2189 4006
1 29
5 29 126 2890 2911 2947
1 30
3 30 368 371
2 30 367
1 30
1 30
2 30 367
28 31 110 1658 2022 2247 2254 2257 3095 3309 3326 3388 3460 3729 3749 3775 3779 3783 3809 3841 3853 3855 3868 3941 3942 3943 3944 3945 3946
1 32
3 33 375 1275
4 33 374 1950 3948
82 34 140 815 846 855 945 1459 1467 1481 1493 1512 1522 1534 1592 1621 1623 1640 1645 1936 1938 2080 2161 2162 2247 2254 2260 2261 2262 2263 2264 2265 2266 2690 2707 2808 2810 2886 3563 3658 3709 3728 3732 3734 3749 3750 3751 3754 3758 3768 3771 3773 3776 3779 3782 3783 3784 3785 3787 3797 3799 3800 3803 3804 3811 3846 3859 3860 3899 3916 3917 3947 3951 3952 3953 3954 3955 3956 3957 3958 3959 3960 3961
21 34 111 118 125 150 151 380 381 400 435 781 842 997 1044 1464 1640 2167 2173 2248 2296 2310
5 34 111 117 810 997
7 34 111 117 171 1525 1640 1974
69 34 118 150 151 176 333 377 381 383 786 799 825 836 838 840 848 867 870 881 888 889 898 954 1349 1490 1491 1512 1517 1667 1679 1685 1688 1710 1982 2000 2033 2098 2160 2161 2162 2168 2173 2177 2178 2180 2185 2251 2253 2261 2265 2276 2277 2281 2284 2288 2291 2295 2297 2315 2319 2791 2847 2924 3455 3645 3649 3920 3975 4050
71 34 47 73 74 118 125 127 161 377 380 400 421 799 812 840 848 867 888 954 980 997 1044 1088 1133 1191 1478 1490 1491 1512 1517 1991 2155 2160 2167 2168 2169 2173 2177 2181 2251 2253 2264 2265 2275 2277 2278 2281 2285 2286 2288 2292 2294 2295 2315 2327 2333 2336 2820 2847 2848 2849 2850 2851 2852 2853 2854 2884 3424 3861 3869 3920
5 34 167 297 1797 2429
14 34 47 126 150 380 1470 1486 1491 1517 1522 2177 2276 2303 2690
16 35 363 385 436 1503 1616 2035 3526 3528 3529 3588 3643 3666 3678 3689 3702
4 35 36 71 384
8 35 126 789 2882 2911 2947 3381 3448
6 36 758 1952 3527 3693 3895
1 37
3 38 3755 4089
37 41 139 185 887 1050 1070 1618 1943 1944 1945 1946 1983 1991 1996 2033 2034 2142 2251 3358 3456 3466 3470 3564 3590 3611 3618 3624 3650 3661 3662 3681 3685 3690 3695 3705 3707 3781
1 43
5 43 357 902 2310 2848
7 43 208 793 888 986 2167 2848
7 46 56 400 986 997 1512 1635
5 46 1044 1417 1483 2095
2 47 3838
4 47 149 1550 3979
8 47 160 2266 2309 3758 3864 3866 3946
1 47
69 47 60 73 118 125 377 381 394 403 785 786 812 890 956 997 1044 1088 1132 1470 1490 1491 1517 1523 1623 1679 2167 2168 2173 2177 2178 2179 2181 2253 2263 2264 2277 2278 2285 2292 2294 2308 2327 2336 2719 2791 2820 2834 2835 2836 2838 2845 2846 2848 2849 2852 2853 2854 2855 2856 2857 2858 2859 2860 2861 2862 2884 2924 2929 4050
1 47
9 47 793 812 955 1093 1716 2167 2286 2296
7 47 117 150 400 1502 3119 3763
10 47 150 151 1491 1502 1522 2276 2297 2303 2998
1 47
1 48
1 48
1 48
1 49
1 49
1 50
1 50
3 51 3408 3996
2 51 2252
1 51
2 52 1582
1 52
2 54 2406
7 54 111 114 161 781 1501 1934
5 54 150 151 955 2406
9 55 107 118 134 381 980 986 997 1024
2 55 182
6 56 918 1236 1362 1413 3743
1 56
5 56 1517 1974 2094 2989
3 56 2989 2993
4 56 134 842 997
3 56 134 842
3 56 2406 2880
1 60
1 62
2 70 4071
1 73
2 74 823
32 74 118 161 377 842 997 1085 1133 1491 1626 1640 2160 2168 2169 2178 2180 2250 2261 2281 2285 2295 2300 2303 2333 2336 2717 2732 2820 2847 3618 3920 4050
6 75 384 2729 2780 3602 3666
1 79
1 80
4 83 118 2248 2287
5 90 907 1724 1744 3307
8 103 195 2061 2821 2849 3021 3097 3777
2 103 1640
45 105 445 446 447 448 449 450 451 452 453 454 455 456 457 458 459 460 461 462 463 464 465 466 467 468 469 470 471 472 473 474 742 904 1232 1569 1854 2340 2597 3294 3295 3296 3297 3298 3299 3514
15 105 449 491 500 506 507 508 509 510 511 512 513 514 515 516
22 105 443 446 447 448 455 457 458 466 469 473 487 493 495 496 497 506 510 518 522 530 531
39 105 443 445 447 455 456 465 466 467 469 470 478 485 488 489 490 497 510 511 514 519 522 529 530 535 536 537 538 539 540 541 542 543 544 545 546 547 548 1728
7 105 443 445 446 466 469 598
3 105 443 445
3 105 443 444
5 105 443 451 453 469
27 105 443 450 453 469 538 551 590 591 927 1247 1569 2463 2464 2465 2466 2467 2468 2469 2470 2471 2598 2599 2600 3295 3296 3715
4 105 443 456 473
14 105 443 450 451 454 459 469 537 544 590 597 609 2472 2474
4 105 443 453 477
7 105 443 445 446 456 466 469
24 105 443 446 452 455 461 466 469 474 485 497 499 507 530 539 553 557 586 593 610 620 621 622 623
5 105 443 445 466 469
5 105 443 445 466 469
6 105 443 453 469 598 2462
3 105 443 478
6 105 443 456 469 598 2462
4 105 443 477 478
5 105 443 469 477 478
5 105 443 469 477 478
3 105 443 446
42 105 443 445 446 447 455 456 457 458 469 470 471 485 497 507 511 513 518 521 522 530 538 539 540 543 560 576 577 581 583 587 588 589 595 613 623 630 636 693 716 734 736
4 105 443 446 537
3 105 443 537
64 105 443 445 446 447 450 451 453 455 456 457 458 459 461 463 464 466 472 493 498 511 513 521 522 538 539 540 541 543 547 553 560 564 571 575 576 577 581 583 587 588 590 591 593 595 596 597 598 599 600 620 623 630 636 664 693 702 716 727 734 736 2472 2597 2603
4 105 443 446 466
5 105 443 466 477 478
3 105 443 469
23 105 443 445 452 510 540 545 754 921 943 1233 1250 1722 1729 2830 3296 3298 3299 3317 3321 3322 3330 3345
3 105 443 456
2 105 742
1 105
29 105 454 462 463 464 471 478 489 490 494 511 522 533 534 542 545 546 585 607 616 619 624 631 641 694 701 704 717 730
42 105 446 460 462 463 464 471 477 485 489 490 494 504 511 513 514 516 519 522 523 533 542 546 551 571 573 578 585 604 616 619 624 630 631 639 641 644 674 692 701 717 730
1 105
1 105
1 105
1 105
1 105
2 105 537
5 105 446 456 466 478
1 105
2 105 445
2 105 446
5 105 446 477 478 537
4 105 446 477 478
2 105 444
2 105 537
4 105 145 445 469
4 105 477 478 622
4 105 145 445 537
2 105 445
5 105 445 446 456 466
3 105 469 537
2 105 456
2 105 444
1 105
1 105
1 105
2 105 478
1 105
3 105 444 445
4 105 444 456 466
2 105 444
3 105 444 537
5 105 444 445 446 473
8 105 444 446 466 469 477 478 598
2 105 444
5 105 444 466 469 478
4 105 444 446 478
3 105 444 537
3 105 444 478
1 105
4 105 445 466 620
3 105 446 478
1 105
4 105 466 469 598
7 105 445 446 466 469 477 478
2 105 478
2 105 622
1 105
1 105
1 105
1 105
2 105 446
6 105 145 445 446 456 466
2 105 445
1 105
3 105 477 478
3 105 477 537
2 105 446
2 105 446
25 105 446 453 467 468 484 489 492 495 498 509 515 534 544 550 601 609 620 629 632 633 634 638 702 730
6 105 446 451 466 469 598
6 105 446 456 466 469 598
5 105 446 466 469 473
3 105 446 469
4 105 446 477 478
5 105 446 466 469 598
4 105 446 453 537
4 105 446 473 477
4 105 446 477 478
3 105 446 469
2 105 446
1 105
2 105 537
3 105 451 478
1 105
4 105 456 469 598
1 105
1 105
1 105
2 105 456
1 105
1 105
5 105 466 469 598 3514
2 105 3514
1 105
1 105
2 105 469
1 105
1 105
1 105
1 105
1 105
1 105
3 105 469 478
1 105
3 105 145 478
1 105
2 105 469
3 105 466 469
3 105 466 469
2 105 478
1 105
3 105 620 3934
4 105 145 466 469
1 105
4 105 145 466 469
1 105
3 105 477 478
2 105 456
4 105 466 469 598
3 105 466 469
2 105 466
4 105 451 453 469
3 105 451 469
3 105 145 598
4 105 456 469 598
1 105
4 105 466 469 598
3 105 469 598
4 105 453 469 2462
24 105 447 459 461 469 511 521 538 539 543 553 560 587 592 593 595 596 599 664 693 716 727 734 736
3 105 469 598
2 105 469
2 105 537
1 105
1 105
2 105 478
1 105
1 105
2 105 477
1 105
5 105 453 537 620 622
2 105 456
1 105
1 105
2 105 466
1 105
1 105
3 105 477 478
1 105
2 105 738
3 105 477 478
7 105 456 469 518 537 580 609
2 105 456
6 105 456 494 524 609 644
4 105 456 466 469
3 105 477 478
1 105
1 105
1 105
1 105
2 105 537
4 105 466 469 478
3 105 477 478
2 105 537
2 105 537
2 105 537
1 105
3 105 466 469
1 105
2 105 537
2 105 478
1 105
3 105 477 478
1 105
1 105
3 105 478 622
1 105
1 105
1 105
1 105
1 105
1 105
1 105
1 105
1 105
1 105
1 105
1 105
1 105
1 105
1 105
1 105
1 105
1 105
1 105
3 105 469 598
1 105
1 105
1 105
1 105
1 105
1 105
1 105
1 105
1 105
2 105 478
1 105
1 105
1 105
2 105 145
1 105
1 105
1 105
1 105
1 105
1 105
1 105
1 105
1 105
1 105
1 105
1 105
1 105
2 105 478
4 105 466 469 598
2 105 477
1 105
1 105
1 105
1 105
1 105
1 105
3 105 477 478
3 105 469 537
1 105
2 105 477
1 105
1 105
1 105
1 105
1 105
1 105
1 105
1 105
1 105
1 105
1 105
4 105 466 469 598
3 105 477 478
1 105
1 105
2 105 145
1 105
1 105
1 105
1 105
1 105
1 105
3 105 469 598
1 105
1 105
4 105 477 478 537
1 105
1 105
1 105
4 105 466 469 598
1 105
4 105 466 469 598
1 105
2 105 618
1 105
1 105
1 105
101 106 107 108 109 110 111 112 113 136 139 149 354 358 443 475 743 744 745 746 747 748 749 750 751 905 906 907 908 909 910 911 912 913 914 915 916 917 918 919 1232 1233 1234 1235 1236 1237 1238 1239 1240 1241 1242 1357 1358 1359 1360 1361 1362 1363 1364 1365 1366 1395 1453 1454 1455 1569 1570 1571 1572 1573 1720 1721 1722 1723 1724 1725 1726 1727 1854 2462 3294 3297 3298 3299 3300 3301 3302 3303 3304 3305 3306 3307 3308 3309 3343 3514 3708 3709 3710 3711 3712 3713
71 106 107 108 136 139 159 742 744 745 746 747 752 753 754 758 767 773 774 777 778 779 922 925 1234 1248 1250 1457 1720 1723 1854 1932 2077 2142 2686 2687 3294 3297 3300 3303 3313 3314 3316 3320 3336 3351 3357 3358 3359 3515 3516 3520 3521 3522 3523 3524 3525 3526 3527 3528 3529 3530 3531 3532 3533 3534 3535 3536 3537 3538 3539 3702
107 106 107 108 112 136 159 742 743 746 747 748 749 750 751 753 754 758 759 761 762 763 764 766 767 771 773 774 775 777 780 781 782 783 784 785 909 913 923 928 935 938 949 954 955 956 957 1234 1237 1240 1244 1253 1256 1257 1267 1268 1269 1456 1465 1466 1569 1594 1595 1721 1722 1731 1741 1750 1751 1752 2686 2831 2881 2882 3014 3297 3300 3305 3313 3314 3316 3317 3321 3322 3324 3325 3326 3327 3330 3343 3349 3352 3362 3370 3371 3372 3373 3374 3375 3516 3520 3530 3763 3764 3765 3766 3767 3768
15 106 107 108 110 742 743 747 915 916 1854 3294 3297 3323 3343 3514
16 106 136 139 742 743 744 747 1236 1240 1723 2462 3294 3296 3306 3323 3343
61 106 159 742 743 744 745 746 749 752 753 754 755 760 920 921 922 923 925 928 935 1058 1233 1234 1237 1245 1246 1250 1252 1256 1268 1366 1367 1368 1369 1466 1572 1575 1720 1721 1723 1729 1854 3094 3297 3298 3300 3306 3311 3317 3318 3320 3321 3324 3325 3326 3328 3345 3352 3515 3524 3541
9 106 136 139 156 742 744 1233 3297 3343
19 106 112 136 139 354 357 742 744 747 1233 1727 1854 2266 2370 3294 3297 3306 3323 3343
90 106 108 110 111 112 159 354 742 744 751 756 763 764 771 772 774 776 792 892 900 905 908 912 913 919 923 935 938 945 1056 1067 1141 1160 1232 1236 1237 1240 1245 1247 1248 1249 1251 1252 1253 1255 1257 1267 1269 1272 1369 1453 1455 1456 1460 1479 1569 1572 1573 1578 1581 1583 1721 1725 1727 1731 1738 1740 1743 1745 1746 1749 1758 1759 1760 1762 1770 1771 3182 3315 3317 3322 3333 3334 3335 3345 3346 3347 3349 3372 3518
12 106 108 110 112 354 742 744 750 892 909 1236 1727
8 106 107 108 110 743 747 1854 3297
8 106 108 110 743 744 747 3294 3514
23 106 110 136 139 473 743 744 747 1232 1236 1240 1573 1723 1726 1727 3294 3296 3297 3306 3307 3323 3343 3514
3 106 747 3294
20 106 107 108 110 111 112 354 750 909 912 915 916 917 1232 1236 1455 1569 1573 1719 3294
7 106 904 916 1241 1569 3294 3296
14 106 107 110 111 136 139 387 743 744 1236 1573 3294 3297 3306
18 106 108 111 112 744 904 912 916 1232 1236 1241 1571 1573 1604 1727 1854 3294 3307
6 106 108 139 747 3294 3702
14 106 107 110 111 744 916 1232 1240 1241 1569 1571 1573 3294 3307
20 106 107 108 110 111 112 115 136 139 147 354 744 912 1188 1198 1232 1455 1472 2035 2310
6 106 136 744 750 1232 1726
18 106 107 108 110 111 112 136 354 744 750 904 1232 1236 1455 1472 1726 1727 1854
7 106 107 110 111 119 121 2372
16 106 107 108 110 111 112 130 139 151 354 744 904 1241 1455 1569 2310
23 106 107 108 110 111 112 128 130 142 143 354 743 744 904 909 1102 1121 1178 1241 1455 1479 1489 1716
9 106 107 110 111 112 130 136 151 904
10 106 107 108 110 111 112 139 354 904 1455
6 106 108 110 111 904 917
11 106 108 112 136 744 750 915 917 1854 2462 3343
17 106 112 113 136 145 354 750 1236 1241 1384 1453 1455 1573 1726 1854 2371 3306
9 106 107 112 743 744 892 1789 1797 3297
16 106 110 111 128 136 139 142 156 743 744 750 1030 1240 3020 3306 3458
9 106 112 136 744 892 1236 1726 1727 1759
9 106 107 750 915 916 917 1241 1453 1573
12 106 107 110 111 112 136 151 743 744 2296 2308 2310
3 106 107 743
6 106 107 108 110 112 743
4 106 744 3301 3308
10 106 107 110 111 377 419 744 1634 2310 2842
5 106 112 136 744 892
7 106 107 110 111 112 744 892
2 106 744
7 106 107 110 111 400 744 2310
6 106 140 151 380 400 3709
2 106 1710
4 106 114 143 1489
5 106 140 386 1102 4005
2 106 3167
1 106
3 106 750 1455
5 106 111 117 393 402
1 106
4 106 127 140 146
1 106
2 106 145
1 106
11 106 107 110 111 117 125 129 151 380 381 2297
2 106 3133
2 106 136
1 106
1 106
1 106
1 106
1 106
1 106
1 106
1 106
7 106 110 111 150 185 378 2310
1 106
10 106 110 117 118 151 381 400 402 2297 3133
1 106
4 106 107 110 111
4 106 110 140 376
1 106
1 106
5 106 107 110 111 129
1 106
1 106
1 106
1 106
6 106 434 1030 2150 2256 3894
1 106
4 106 111 150 380
1 106
2 106 107
1 106
4 106 107 1649 2310
1 106
2 106 358
1 106
2 106 107
1 106
3 106 110 145
6 106 110 111 114 145 380
5 106 107 110 111 2310
3 106 380 2296
1 106
10 106 111 114 118 125 150 151 380 381 2297
1 106
15 106 118 127 129 151 377 427 428 435 1634 1710 2308 2310 2989 3151
3 106 147 2989
1 106
1 106
4 106 125 376 1693
1 106
9 106 107 110 111 150 151 380 381 2870
4 106 107 110 111
1 106
3 106 107 111
2 106 2297
7 106 107 108 110 111 130 134
2 106 136
2 106 376
1 106
2 106 140
1 106
1 106
10 106 107 108 110 111 112 115 139 354 1455
1 106
1 106
1 106
1 106
2 106 909
1 106
6 106 118 150 151 380 381
4 106 110 111 145
1 106
2 106 380
1 106
1 106
3 106 111 2310
2 106 147
1 106
1 106
2 106 114
5 106 107 110 111 2310
2 106 136
1 106
2 106 380
1 106
1 106
1 106
5 106 107 110 111 2870
1 106
4 106 114 139 390
15 106 107 110 111 117 118 122 150 151 380 381 393 1017 2296 2310
4 106 114 380 2266
3 106 118 400
1 106
19 106 112 354 750 751 773 775 782 783 1244 1267 1269 1726 1744 1750 1759 3303 3333 3334
1 106
7 106 107 108 110 111 112 118
5 106 107 110 111 2310
2 106 355
2 106 3343
4 106 111 151 380
1 106
4 106 111 354 750
1 106
4 106 107 118 392
1 106
61 107 108 110 111 354 443 757 759 764 766 767 768 769 770 905 907 908 910 912 913 916 921 923 926 935 949 1232 1233 1234 1242 1245 1250 1252 1253 1255 1256 1257 1258 1368 1455 1460 1575 1576 1578 1580 1583 1584 1720 1723 1729 1738 1741 1743 1744 1854 2602 3304 3307 3333 3337 3341
27 107 108 110 111 112 354 742 750 904 912 1232 1236 1240 1241 1254 1363 1384 1455 1569 1571 1572 1573 1726 1727 1854 3306 3307
25 107 108 136 742 912 915 916 1232 1233 1236 1241 1569 1571 1573 1723 1726 1727 1854 2462 3294 3296 3297 3302 3306 3307
8 107 108 111 112 440 742 904 3307
17 107 354 742 750 904 912 916 1232 1453 1455 1569 1571 1572 1573 1604 3302 3307
40 107 108 742 744 751 756 767 865 914 915 917 919 924 935 938 943 958 959 960 1067 1099 1232 1236 1248 1249 1250 1267 1272 1276 1277 1382 1456 1460 1569 1577 1578 2483 2484 3094 3315
10 107 108 742 904 912 916 1232 1236 1254 3307
6 107 742 1236 1254 1573 3294
64 107 111 742 750 756 759 762 904 905 906 908 910 913 916 933 936 945 946 949 1141 1232 1240 1241 1244 1245 1248 1249 1251 1253 1254 1255 1272 1453 1454 1461 1473 1570 1571 1572 1573 1576 1578 1580 1586 1587 1604 1608 1725 1738 1854 1857 2146 2347 2355 2359 3298 3304 3307 3315 3319 3337 3515 3516 3518
21 107 108 110 111 136 354 742 744 750 904 912 916 1232 1236 1241 1453 1479 1571 1573 1727 3302
9 107 112 742 909 917 1236 1241 1455 1727
32 107 742 745 756 771 776 906 909 916 917 919 921 925 929 933 934 938 941 943 959 964 1001 1003 1199 1236 1247 1250 1369 1456 1731 3294 3910
77 107 108 111 742 745 756 757 759 761 776 904 906 908 910 912 913 915 917 921 925 926 931 933 934 936 937 938 939 940 941 942 943 959 998 1001 1003 1106 1113 1199 1232 1244 1245 1247 1248 1251 1252 1254 1456 1572 1574 1575 1576 1721 1725 1730 1734 1738 1739 1742 1747 1854 2462 2475 3182 3294 3295 3298 3299 3303 3304 3307 3331 3334 3337 3343 3515 3516
30 107 742 756 770 771 776 909 914 915 916 919 921 924 933 934 935 938 940 942 943 959 960 964 1001 1099 1236 1250 1277 1382 1749
33 107 108 110 423 742 936 986 1175 1238 1242 1253 1277 1362 1413 1467 1471 1491 1526 1544 1659 2255 2690 2694 2832 2878 3023 3103 3106 3107 3733 3765 3807 3917
15 107 108 110 112 136 354 742 750 909 915 917 1232 1236 1241 2372
8 107 108 110 747 1232 1240 3294 3514
18 107 473 747 904 915 916 917 1232 1236 1240 1241 3294 3296 3297 3302 3306 3343 3514
8 107 108 110 139 743 747 1854 3702
21 107 111 112 136 744 747 750 904 1236 1240 1571 1572 1573 1723 1726 3294 3296 3297 3308 3323 4005
5 107 909 917 1236 2462
7 107 743 747 915 916 3294 3323
6 107 904 916 1232 1241 1573
2 107 451
17 107 110 111 112 136 139 140 744 747 1726 2462 3294 3297 3306 3307 3323 3343
2 107 915
2 107 358
6 107 916 1723 1726 3294 3308
2 107 3294
14 107 912 915 916 917 941 1232 1240 1572 1573 1854 2462 3294 3307
6 107 915 916 917 1232 1573
28 107 108 110 111 112 136 139 142 354 744 747 750 904 909 917 981 1102 1232 1233 1236 1241 1489 1568 1569 1702 1716 1727 3307
11 107 110 912 916 918 1232 1236 1453 1455 1571 1854
8 107 111 145 916 1232 1453 1572 1727
18 107 110 112 354 744 750 909 915 916 917 1180 1232 1236 1241 1455 1573 1727 1854
5 107 916 1232 1241 1569
6 107 916 917 1232 1572 3307
8 107 915 916 933 964 1113 1232 3323
5 107 916 917 3323 3343
13 107 473 909 915 916 917 1199 1854 2462 3297 3302 3307 3323
1 107
16 107 108 110 111 112 150 151 376 750 912 1236 1241 1254 1569 1573 1693
6 107 110 912 1453 1455 1569
2 107 1569
2 107 1569
14 107 108 110 111 112 115 116 139 354 744 904 912 1229 2372
2 107 1572
5 107 145 1241 1572 1854
4 107 110 111 1726
1 107
6 107 111 150 380 381 744
11 107 110 111 118 140 151 402 420 744 1186 3709
6 107 110 111 400 744 2310
10 107 108 110 111 112 136 139 145 744 3306
3 107 909 1455
7 107 108 909 915 916 917 3323
6 107 909 917 1236 1727 3307
2 107 1224
3 107 1723 3307
1 107
6 107 915 917 941 1113 3343
2 107 110
3 107 981 1108
1 107
1 107
1 107
4 107 110 111 2266
1 107
1 107
1 107
1 107
1 107
1 107
1 107
1 107
2 107 1218
3 107 381 421
13 107 935 966 993 1001 1011 1018 1036 1069 1076 1086 1109 1142
1 107
1 107
1 107
1 107
11 107 110 111 133 363 393 394 421 918 1435 3167
1 107
2 107 1224
2 107 147
1 107
3 107 145 1148
1 107
2 107 981
2 107 110
1 107
1 107
19 107 111 118 377 378 381 394 400 421 427 435 1634 1716 2308 2310 2989 2990 3151 3181
2 107 916
2 107 3032
1 107
5 107 915 916 917 981
2 107 1198
7 107 108 110 111 915 916 1472
2 107 110
5 107 110 1198 1209 1214
2 107 1213
1 107
1 107
1 107
1 107
2 107 981
1 107
1 107
1 107
1 107
2 107 3307
5 107 888 1478 2256 2730
2 107 981
1 107
1 107
1 107
1 107
1 107
4 107 421 1519 2310
3 107 1209 1223
1 107
1 107
15 107 1130 1139 1183 1192 1193 1198 1201 1202 1209 1212 1214 1218 1223 1543
6 107 110 136 354 1455 1726
6 107 136 774 823 2150 4005
1 107
1 107
1 107
1 107
2 107 1163
2 107 981
1 107
1 107
1 107
1 107
4 107 110 1158 1198
3 107 110 1163
1 107
12 107 110 111 112 118 185 377 381 395 400 1634 1716
1 107
1 107
4 107 1138 1158 1213
1 107
1 107
4 107 110 111 390
1 107
2 107 158
5 107 1139 1214 1223 1543
1 107
1 107
6 107 110 354 750 1455 1726
1 107
3 107 108 747
2 107 1158
1 107
2 107 2310
1 107
1 107
1 107
11 107 110 1130 1139 1183 1193 1197 1201 1212 1214 1223
4 107 108 110 111
5 107 112 750 909 1241
1 107
2 107 981
7 107 111 136 139 390 1240 3702
1 107
3 107 1145 1455
4 107 110 1163 1229
1 107
1 107
2 107 981
1 107
4 107 357 2308 2310
2 107 145
1 107
1 107
1 107
1 107
1 107
4 107 118 435 2310
3 107 110 981
1 107
9 107 108 110 111 112 151 156 381 400
1 107
2 107 145
1 107
1 107
4 107 118 136 402
1 107
1 107
5 107 110 111 136 2310
1 107
1 107
7 107 108 110 111 909 917 1236
4 107 111 112 156
1 107
9 107 110 130 767 789 935 2161 2163 2297
1 107
5 107 110 111 112 2310
1 107
2 107 916
1 107
2 107 966
2 107 981
2 107 111
7 107 110 1167 1197 1198 1209 1543
1 107
4 107 916 941 964
1 107
1 107
1 107
1 107
1 107
1 107
1 107
2 107 767
2 107 110
1 107
1 107
1 107
1 107
1 107
1 107
2 107 145
5 107 110 1028 1065 1198
3 107 111 1186
3 107 136 400
5 107 381 435 2296 2322
1 107
3 107 1198 1223
1 107
2 107 110
2 107 1047
6 107 1028 1053 1065 1198 1543
1 107
7 107 354 750 912 1453 1571 1573
3 107 147 981
2 107 110
2 107 3095
2 107 1072
1 107
4 107 111 134 145
2 107 991
1 107
1 107
1 107
1 107
2 107 1227
1 107
1 107
1 107
1 107
5 107 1041 1047 1059 1543
2 107 3029
4 107 111 112 750
1 107
4 107 145 1209 1223
6 107 1035 1042 1073 1217 2385
1 107
1 107
1 107
2 107 1111
1 107
1 107
1 107
3 107 134 2310
1 107
1 107
1 107
2 107 918
1 107
1 107
2 107 767
1 107
3 107 938 2512
2 107 110
1 107
3 107 1028 1065
1 107
1 107
7 107 955 1131 1490 1502 1627 2310
1 107
3 107 110 762
1 107
2 107 145
2 107 381
2 107 1028
4 107 1028 1065 1543
3 107 110 111
2 107 145
4 107 110 111 2310
3 107 1065 1111
18 107 355 762 1002 1005 1028 1041 1111 1130 1135 1139 1202 1209 1212 1214 1216 1218 1223
6 107 915 916 943 3303 3323
2 107 110
4 107 110 1028 1065
3 107 1028 1198
1 107
1 107
2 107 111
1 107
3 107 110 111
2 107 110
8 107 110 1005 1025 1028 1111 1162 1198
1 107
1 107
6 107 110 1028 1065 1198 1543
3 107 1006 1047
6 107 1005 1028 1053 1065 1198
3 107 111 125
3 107 110 1198
3 107 110 1163
4 107 979 1028 1198
1 107
2 107 110
1 107
1 107
10 107 110 1025 1028 1053 1065 1135 1162 1198 1543
3 107 961 988
2 107 145
1 107
2 107 1153
1 107
4 107 110 949 1073
1 107
2 107 110
93 108 111 354 443 742 750 754 756 759 761 762 763 764 904 905 906 908 909 910 912 913 916 919 920 921 926 933 934 935 936 937 938 939 940 941 1233 1234 1236 1239 1240 1244 1245 1247 1248 1249 1251 1252 1253 1254 1366 1368 1456 1458 1569 1570 1571 1572 1573 1574 1576 1577 1578 1579 1580 1581 1725 1730 1732 1734 1735 1737 1738 1739 1740 1741 1854 2347 2348 2475 3182 3294 3295 3298 3299 3317 3331 3334 3335 3336 3337 3514 3515 3516
25 108 159 473 742 747 748 749 904 906 935 1232 1234 1249 1250 1252 1573 1729 1748 3294 3302 3307 3324 3331 3336 3347
18 108 110 742 743 744 747 904 1232 1233 1240 1241 1572 1723 1854 3294 3297 3306 3307
2 108 742
88 108 109 110 111 112 113 149 423 742 746 750 751 754 756 758 759 764 772 775 905 906 909 910 911 913 914 915 917 919 921 923 924 935 936 938 945 960 1099 1232 1239 1240 1242 1244 1245 1247 1248 1249 1250 1251 1252 1253 1257 1272 1357 1358 1359 1365 1366 1367 1378 1456 1459 1569 1571 1573 1578 1721 1722 1726 1727 1729 1738 1739 1759 1760 2361 2362 2605 3099 3186 3294 3297 3298 3317 3322 3334 3347 3708
11 108 109 110 112 136 742 744 747 750 1727 3308
3 108 742 918
6 108 742 1232 1236 1573 3514
75 108 136 159 742 744 746 750 754 761 774 905 912 920 921 923 933 1070 1232 1234 1236 1244 1245 1248 1251 1272 1358 1366 1369 1456 1572 1573 1575 1581 1720 1721 1722 1723 1725 1726 1727 1730 1734 1763 2343 2880 3294 3300 3302 3304 3306 3307 3314 3315 3316 3317 3320 3322 3325 3326 3327 3330 3333 3337 3338 3352 3362 3364 3365 3372 3488 3489 3490 3514 3515 3516
56 108 111 742 757 759 761 766 767 772 776 905 906 912 913 914 919 921 926 935 938 939 945 951 1067 1234 1242 1245 1247 1248 1252 1253 1255 1456 1460 1569 1573 1575 1578 1607 1720 1721 1725 1727 1738 1739 1740 1745 3294 3297 3298 3305 3322 3331 3334 3345 3373
14 108 110 111 742 904 918 1236 1241 1569 1572 1573 1723 1727 3307
3 108 110 3514
18 108 110 111 112 744 892 912 916 1232 1236 1240 1572 1726 1727 1854 3294 3307 3308
19 108 747 750 904 912 916 1232 1236 1240 1241 1569 1571 1572 1573 1727 1854 3294 3302 3307
5 108 110 747 3294 3297
16 108 111 112 136 451 750 915 916 1232 1236 1241 1573 1726 2462 3301 3307
21 108 111 112 149 354 743 750 909 912 916 1232 1236 1240 1241 1453 1569 1571 1573 1854 3294 3297
15 108 111 136 750 909 912 1232 1233 1236 1569 1573 1726 3294 3302 3307
14 108 473 743 747 904 909 915 917 1233 1236 3294 3297 3307 3308
21 108 136 750 912 916 1232 1236 1240 1573 1723 1726 1727 2462 3294 3297 3301 3302 3306 3307 3308 3488
18 108 136 747 750 904 916 1232 1233 1236 1241 1571 1572 1573 1726 1727 2462 3294 3307
18 108 110 111 744 750 904 912 918 1232 1236 1241 1254 1453 1571 1573 1854 3297 3307
16 108 111 149 905 910 911 912 916 945 1232 1253 1569 1575 1606 1622 3298
15 108 136 750 904 912 1241 1383 1409 1453 1569 1573 1726 1727 3297 3307
7 108 136 744 747 904 1727 3307
7 108 354 744 750 904 1236 1455
2 108 904
1 108
1 108
1 108
2 108 3713
1 108
1 108
1 108
1 108
12 108 110 112 136 354 744 750 892 909 1455 1726 1727
5 108 112 136 744 747
12 108 110 112 136 354 744 750 892 1455 1726 1727 3306
1 108
4 108 1612 1676 1718
9 108 136 750 909 912 1236 1240 1727 3307
1 108
5 108 110 113 1409 1770
2 108 374
2 108 909
5 108 110 909 917 918
1 108
1 108
1 108
1 108
1 108
1 108
1 108
1 108
1 108
1 108
1 108
1 108
1 108
1 108
1 108
1 108
1 108
1 108
1 108
1 108
3 108 145 358
1 108
1 108
1 108
1 108
1 108
1 108
1 108
1 108
1 108
1 108
1 108
1 108
1 108
1 108
1 108
1 108
1 108
1 108
1 108
1 108
1 108
1 108
1 108
1 108
1 108
1 108
1 108
1 108
1 108
1 108
1 108
1 108
1 108
1 108
1 108
1 108
1 108
1 108
1 108
1 108
1 108
1 108
1 108
1 108
1 108
1 108
1 108
1 108
1 108
1 108
2 108 380
1 108
1 108
1 108
1 108
1 108
1 108
1 108
6 109 113 742 1236 1385 1395
9 109 112 742 1236 1240 1363 1444 1455 1727
4 109 742 1236 3294
2 109 742
3 109 113 742
7 109 113 423 742 918 1389 1572
21 109 113 742 905 1358 1367 1368 1369 1370 1371 1376 1379 1382 1384 1386 1387 1388 1389 1390 1391 3336
3 109 113 742
7 109 112 113 742 1236 1385 1409
12 109 113 742 747 1232 1236 1240 1573 1723 3294 3307 3713
9 109 747 1236 1363 1385 1391 3306 3308 3323
16 109 113 136 747 904 1232 1363 1391 1723 1854 2462 3294 3296 3297 3302 3514
12 109 747 750 915 1240 1363 1572 1723 1854 3294 3296 3297
4 109 1363 1573 1727
5 109 136 1363 3294 3308
6 109 113 1385 1407 1409 1857
6 109 113 1384 1389 1854 1857
5 109 113 145 358 1854
2 109 113
2 109 1363
3 109 113 1385
4 109 113 1236 3302
3 109 136 1363
1 109
2 109 113
6 109 113 909 917 1363 1384
3 109 1255 1409
19 109 113 772 905 1363 1373 1382 1388 1389 1427 1443 1476 1858 1860 1863 1864 2371 3223 3349
11 109 113 1357 1365 1367 1372 1377 1413 1427 1884 1912
4 109 113 145 1363
2 109 1363
4 109 113 1363 1384
7 109 113 1362 1363 1373 1384 1413
2 109 1363
4 109 1363 1367 1368
2 109 145
3 109 113 1409
1 109
4 109 742 1357 3327
4 109 113 1406 1410
2 109 1452
3 109 1424 1450
1 109
2 109 113
1 109
1 109
2 109 113
3 109 113 1855
3 109 113 1427
3 109 113 1396
3 109 113 1372
2 109 113
9 109 113 1255 1274 1365 1372 1383 1393 1436
3 109 113 1396
2 109 113
2 109 113
6 109 113 423 918 1385 1389
3 109 113 1451
1 109
2 109 113
3 109 395 1437
1 109
2 109 113
2 109 1437
1 109
1 109
1 109
3 109 1398 3060
2 109 1451
1 109
5 109 113 1384 1385 1405
1 109
3 109 113 1451
3 109 113 1865
1 109
1 109
2 109 1437
1 109
5 109 986 1502 2308 2310
3 109 113 1409
4 109 1417 1420 1433
1 109
2 109 113
2 109 113
1 109
2 109 113
3 109 113 1384
3 109 113 1358
1 109
1 109
1 109
2 109 1451
1 109
2 109 1398
5 109 1414 1425 1429 1448
2 109 1397
23 110 354 742 750 772 776 908 912 913 936 937 946 1141 1248 1253 1255 1455 1573 1576 1587 1746 1755 1854
4 110 742 912 1572
60 110 112 119 354 742 750 756 762 764 766 767 769 772 792 860 904 905 908 914 936 938 946 958 1029 1056 1072 1257 1267 1269 1358 1453 1458 1460 1462 1476 1573 1578 1581 1721 1722 1738 1740 1741 1743 1745 1746 1756 1760 1761 1766 1767 1859 2349 2368 2369 2370 2371 2476 3335 3349
26 110 136 139 744 750 909 915 916 1232 1236 1240 1241 1472 1571 1572 1573 1726 1727 2462 3294 3297 3301 3302 3306 3307 3308
3 110 743 3294
4 110 145 1232 1455
6 110 376 1236 1569 3709 3713
10 110 111 354 750 904 909 1241 1455 1727 3307
5 110 145 912 1854 2462
4 110 1455 1573 1854
1 110
2 110 377
2 110 744
3 110 744 747
3 110 376 918
4 110 136 139 3141
7 110 152 153 2308 2365 2607 3161
9 110 111 118 122 149 383 400 2308 2310
3 110 149 918
10 110 762 764 1003 1456 1515 1573 1720 1724 1755
2 110 912
3 110 128 1676
2 110 3306
6 110 145 1384 1455 1726 3306
5 110 111 112 115 139
7 110 111 139 150 381 1017 2310
7 110 112 354 750 767 913 1491
1 110
2 110 376
2 110 1508
3 110 395 1529
1 110
1 110
4 110 111 129 383
3 110 151 2310
3 110 145 1560
11 110 134 142 143 147 363 767 788 935 1502 2248
13 110 118 123 124 125 380 381 400 1186 1491 1523 1538 2310
25 110 111 117 118 122 125 150 151 380 381 383 400 404 435 918 1479 1490 1502 2168 2296 2303 2310 2815 2820 3023
1 110
3 110 376 2266
2 110 1537
1 110
4 110 111 147 2310
7 110 1640 2197 2810 3023 3797 4059
4 110 111 151 357
1 110
3 110 111 2297
4 110 130 419 1710
15 110 111 118 127 357 403 404 1186 1435 1489 1491 2308 2310 2842 2989
5 110 122 384 2771 3523
1 110
5 110 122 2740 3523 3569
1 110
1 110
2 110 1482
2 110 2842
1 110
6 110 111 1633 1638 1693 1709
9 110 118 125 151 376 380 381 394 2818
1 110
1 110
2 110 1472
1 110
10 110 111 126 145 151 380 381 383 400 425
1 110
12 110 134 160 1024 1627 2167 2308 2924 2952 2993 2998 3133
1 110
1 110
5 110 111 376 383 404
9 110 111 400 1490 1711 2156 2168 2813 3007
2 110 111
5 110 111 117 379 2310
2 110 918
1 110
1 110
2 110 1483
1 110
1 110
2 110 122
1 110
5 110 111 122 376 2296
1 110
1 110
10 110 122 1494 1545 1625 2690 2736 2771 3023 3875
6 110 122 1490 1625 2771 3023
1 110
2 110 111
2 110 2266
1 110
9 110 1028 1053 1111 1139 1158 1193 1212 1223
2 110 918
6 110 1537 1548 1629 1649 2297
1 110
4 110 122 2736 2771
4 110 122 1545 2736
1 110
7 110 117 125 151 397 2249 2296
4 110 1709 2197 2690
1 110
1 110
1 110
1 110
1 110
2 110 363
1 110
3 110 111 1568
3 110 1488 2323
1 110
1 110
1 110
1 110
1 110
2 110 2098
1 110
3 110 935 1559
49 111 354 443 451 742 744 750 756 757 761 766 905 906 908 909 935 939 945 946 947 948 1232 1236 1241 1242 1245 1248 1249 1254 1255 1459 1572 1573 1576 1577 1578 1582 1583 1732 1735 1738 1741 1743 1854 2479 3295 3296 3298 3299
8 111 742 912 1232 1571 1573 1604 1854
35 111 354 742 759 761 905 906 908 912 913 923 936 1141 1232 1236 1245 1248 1252 1253 1456 1570 1573 1579 1585 1586 1587 1735 1736 1741 1742 1746 1854 2345 2475 3304
61 111 742 747 750 905 908 912 916 923 933 937 940 950 951 1232 1234 1240 1242 1244 1245 1252 1362 1369 1454 1456 1569 1573 1575 1576 1578 1579 1604 1606 1720 1721 1723 1730 1734 1738 1746 1764 1854 1864 2149 2342 2345 2348 2462 3182 3298 3300 3318 3319 3337 3338 3341 3345 3372 3376 3515 3516
87 111 159 354 742 750 754 756 758 759 761 772 776 905 906 908 911 912 913 923 926 933 934 938 945 1141 1232 1233 1236 1239 1240 1241 1242 1245 1247 1248 1249 1251 1252 1253 1255 1366 1370 1453 1455 1456 1462 1472 1569 1570 1571 1572 1574 1576 1577 1578 1580 1581 1586 1587 1604 1721 1725 1729 1730 1734 1738 1742 1746 1854 2343 2345 2372 3297 3298 3300 3302 3304 3315 3317 3321 3335 3337 3347 3515 3516 3518 3532
5 111 354 916 1232 1573
11 111 112 747 904 916 1240 1241 1254 1572 3306 3307
13 111 112 904 912 916 1232 1453 1569 1572 1573 3297 3301 3307
6 111 909 1232 1569 1573 3294
15 111 750 904 909 912 1232 1236 1241 1455 1569 1572 1573 1726 1727 3297
4 111 1232 1571 1572
7 111 904 912 1232 1573 1854 3297
9 111 112 354 750 1232 1240 1455 1573 1726
3 111 416 1569
5 111 354 750 904 1569
2 111 904
4 111 145 1571 1854
5 111 912 1571 1573 1854
9 111 145 912 1453 1571 1573 1854 2372 3302
1 111
1 111
2 111 3713
3 111 145 4005
2 111 376
2 111 3301
9 111 136 139 151 156 744 3306 3308 3837
3 111 136 744
2 111 145
1 111
4 111 122 136 2310
5 111 136 139 3306 4005
3 111 136 139
1 111
1 111
1 111
8 111 759 908 912 1570 1572 1573 2343
3 111 140 151
3 111 1254 1572
2 111 1241
2 111 912
1 111
1 111
1 111
3 111 1271 3306
2 111 3306
2 111 3713
2 111 139
5 111 115 139 384 2035
3 111 126 139
3 111 139 390
3 111 118 140
1 111
2 111 376
2 111 1254
6 111 118 145 376 400 2308
1 111
4 111 1537 1538 2859
6 111 150 151 435 1710 2296
3 111 1186 1519
1 111
4 111 122 1545 2729
1 111
1 111
4 111 1637 1638 1651
3 111 1511 2938
8 111 160 781 842 997 1044 2161 4092
3 111 394 2310
1 111
2 111 1632
3 111 1511 1632
3 111 1651 2167
13 111 118 150 151 376 377 379 435 442 1497 1711 2296 2310
1 111
1 111
1 111
3 111 1653 1665
2 111 376
1 111
1 111
1 111
5 111 829 1545 2197 3764
1 111
3 111 1632 1639
1 111
2 111 1644
1 111
3 111 114 151
1 111
1 111
7 111 146 372 1954 3350 4015 4042
2 111 918
1 111
1 111
1 111
1 111
1 111
2 111 1644
1 111
7 111 118 122 150 151 380 2297
1 111
2 111 2310
1 111
1 111
1 111
1 111
1 111
1 111
4 111 1271 1474 1693
1 111
1 111
7 111 380 400 2310 2842 2989 2990
1 111
1 111
3 111 185 193
1 111
2 111 142
5 111 118 150 151 380
1 111
1 111
3 111 151 380
1 111
1 111
1 111
1 111
8 111 156 846 945 1511 1676 1718 2840
1 111
2 111 2310
1 111
2 111 1700
1 111
2 111 151
2 111 1697
1 111
3 111 112 935
1 111
1 111
1 111
3 111 147 3526
1 111
1 111
5 111 131 1511 1551 2893
9 111 131 151 380 787 842 1501 1626 2167
6 111 131 151 1523 1640 4035
2 111 145
1 111
1 111
1 111
7 111 402 767 935 997 1044 2179
1 111
3 111 1271 1693
2 111 756
12 112 742 743 747 904 1240 1241 1472 1572 2462 3306 3307
20 112 136 354 742 744 747 750 916 1236 1240 1241 1455 1572 1573 1726 1727 3297 3301 3306 3308
17 112 136 473 742 744 1236 1240 1455 1726 1727 1854 2462 3301 3302 3306 3307 3308
39 112 742 743 746 747 754 904 906 923 931 962 1234 1240 1242 1251 1366 1368 1369 1572 1724 1729 1730 1734 1744 2345 2358 3296 3297 3300 3304 3307 3316 3329 3337 3338 3347 3514 3515 3516
7 112 440 742 1472 1723 1727 3307
16 112 136 354 742 750 912 916 1232 1240 1241 1573 1726 2462 3294 3301 3307
75 112 135 136 742 754 763 764 772 775 892 905 906 923 928 931 952 1029 1056 1236 1240 1244 1247 1249 1251 1252 1255 1267 1269 1456 1476 1578 1581 1721 1722 1725 1727 1729 1738 1739 1740 1748 1758 1760 1764 1767 1768 3182 3194 3205 3206 3207 3301 3308 3312 3316 3317 3318 3319 3320 3322 3330 3334 3342 3346 3349 3360 3362 3363 3364 3365 3367 3368 3372 3373 3461
66 112 742 749 750 751 754 759 764 775 905 906 913 914 935 937 938 960 1236 1237 1240 1241 1242 1244 1245 1251 1252 1255 1256 1267 1269 1272 1358 1370 1456 1460 1578 1721 1722 1724 1726 1737 1740 1743 1744 1748 1749 1757 1760 1767 1859 2152 2367 2469 2475 2508 3307 3317 3319 3320 3333 3340 3347 3349 3363 3373 3376
2 112 446
15 112 473 747 904 1233 1236 1573 1723 1726 2462 3294 3297 3302 3306 3307
10 112 916 1232 1240 1572 1573 1723 3294 3302 3307
5 112 136 744 750 915
4 112 1232 1569 3296
2 112 3294
10 112 916 1232 1240 1572 1573 1723 1854 2462 3294
5 112 1232 1569 1571 1854
3 112 1571 1854
3 112 1232 1727
13 112 750 904 912 916 1232 1236 1241 1455 1569 1572 1573 1726
7 112 916 1232 1236 1241 1726 3308
9 112 136 354 750 1232 1241 1455 1726 1727
7 112 744 904 1232 1455 1569 1571
8 112 916 1571 1573 2462 3297 3302 3307
7 112 750 904 1455 1569 1727 1846
9 112 440 892 904 1723 1727 1765 2462 3307
6 112 354 750 1241 1455 3296
8 112 750 1453 1455 1571 1572 1573 1854
3 112 916 3297
5 112 1233 1726 1727 3297
6 112 750 917 1727 1759 3343
4 112 136 744 892
2 112 744
2 112 744
2 112 3302
4 112 136 2462 3302
5 112 354 1453 1472 3307
5 112 136 354 1455 2297
3 112 136 1727
4 112 136 750 1726
7 112 750 775 892 1236 1749 1770
8 112 354 750 1236 1455 1726 1727 3306
2 112 1455
2 112 750
2 112 1240
3 112 1572 1726
3 112 1744 3307
7 112 119 145 354 1455 2369 2370
5 112 354 1455 1726 1727
3 112 354 1726
2 112 3308
5 112 750 1274 1759 2363
2 112 750
1 112
1 112
1 112
1 112
1 112
1 112
2 112 2972
1 112
1 112
1 112
1 112
1 112
2 112 356
3 112 1796 1818
1 112
1 112
1 112
2 112 773
2 112 1796
1 112
1 112
1 112
1 112
1 112
3 112 1785 1790
4 112 382 773 2191
1 112
1 112
1 112
1 112
1 112
1 112
1 112
1 112
1 112
1 112
1 112
1 112
1 112
1 112
2 112 2297
1 112
1 112
1 112
1 112
1 112
2 112 1785
1 112
1 112
1 112
1 112
1 112
1 112
1 112
2 112 145
1 112
1 112
1 112
1 112
1 112
1 112
1 112
1 112
1 112
1 112
1 112
1 112
1 112
1 112
1 112
1 112
1 112
1 112
1 112
2 112 1743
1 112
1 112
1 112
1 112
2 112 2823
1 112
1 112
75 113 443 742 743 745 747 749 752 759 764 771 772 904 905 906 912 916 922 933 936 938 943 951 1232 1234 1244 1245 1248 1253 1368 1369 1373 1374 1453 1461 1462 1569 1570 1571 1572 1573 1580 1585 1586 1587 1722 1734 1735 1736 1746 1855 1856 1857 1858 1859 1860 1861 2342 2348 2351 2352 2353 2354 2598 3182 3294 3297 3298 3304 3307 3321 3331 3337 3343 3516
5 113 145 1404 1854 1857
4 113 145 1854 1857
8 113 912 1372 1373 1854 1855 1856 2351
3 113 1384 1854
4 113 1455 1727 1854
3 113 1384 1854
2 113 1854
1 113
2 113 1384
3 113 1384 1572
10 113 1430 1868 1872 1876 1877 1879 1880 1881 1882
2 113 1870
1 113
2 113 1865
1 113
6 113 1866 1887 1891 1892 1893
1 113
2 113 1865
1 113
1 113
1 113
2 113 1865
2 113 1865
1 113
2 113 1865
2 113 1865
2 113 1865
2 113 1865
1 113
2 113 1385
1 113
1 113
2 113 1870
1 113
1 113
1 113
2 113 1870
2 113 1870
2 113 1870
1 113
1 113
1 113
1 113
2 113 2964
1 113
1 113
1 113
1 113
1 113
1 113
1 113
1 113
1 113
1 113
1 113
1 113
1 113
2 113 1385
1 113
1 113
1 113
1 113
1 113
1 113
1 113
1 113
1 113
1 113
1 113
1 113
1 113
1 113
1 113
1 113
1 113
1 113
1 113
6 114 136 139 145 743 3702
3 114 140 3837
4 114 136 419 4005
2 114 136
2 114 376
4 114 140 146 4005
2 114 376
2 114 140
1 114
1 114
1 114
3 114 139 390
4 114 139 390 1947
3 114 139 390
3 114 139 390
3 114 1944 1983
1 114
1 114
2 114 375
4 114 140 146 4005
3 114 145 387
1 114
2 114 1658
1 114
1 114
2 114 116
1 114
1 114
3 114 125 2870
1 114
1 114
1 114
1 114
1 114
1 114
1 114
1 114
1 114
1 114
1 114
1 114
1 114
4 114 379 425 3172
2 114 126
1 114
1 114
1 114
1 114
1 114
1 114
2 114 380
3 114 390 1947
1 114
1 114
3 114 117 118
1 114
1 114
1 114
1 114
4 114 117 381 390
1 114
1 114
1 114
1 114
2 114 390
1 114
1 114
1 114
2 114 380
1 114
1 114
1 114
1 114
2 114 145
1 114
2 114 2310
1 114
1 114
3 114 156 357
1 114
1 114
1 114
1 114
1 114
1 114
1 114
1 114
1 114
1 114
1 114
2 115 372
1 115
1 115
1 115
1 115
1 115
1 115
1 115
3 115 145 356
1 115
1 115
3 115 380 390
2 115 390
7 115 384 762 1616 2073 3002 3527
1 115
1 115
1 115
1 115
1 115
1 115
1 115
1 115
1 115
1 115
1 115
1 115
1 115
1 115
1 115
1 115
1 115
1 115
1 115
1 115
1 115
1 115
1 115
1 115
1 115
2 115 441
1 115
1 115
1 115
1 115
1 115
1 115
1 115
1 115
1 115
1 115
1 115
2 115 2035
1 115
1 115
1 115
2 116 743
3 116 145 2308
2 116 3133
2 116 376
1 116
2 116 3837
2 116 355
2 116 355
2 116 355
1 116
2 116 2705
1 116
1 116
1 116
2 116 146
1 116
1 116
2 116 425
5 116 117 395 3023 3045
1 116
1 116
3 116 380 1566
1 116
1 116
1 116
1 116
2 116 2308
1 116
1 116
1 116
1 116
1 116
1 116
2 116 2296
1 116
1 116
1 116
2 116 147
1 116
1 116
1 116
2 116 134
1 116
1 116
1 116
1 116
1 116
1 116
1 116
1 116
1 116
2 116 2296
1 116
1 116
1 116
1 116
1 116
1 116
1 116
2 116 134
1 116
1 116
1 116
1 116
1 117
5 117 139 390 743 3702
1 117
2 117 3709
1 117
2 117 912
3 117 136 2859
2 117 2297
2 117 1572
6 117 823 1030 2167 2197 3714
2 117 3306
2 117 1727
2 117 151
1 117
4 117 381 2297 2310
3 117 1523 2323
1 117
2 117 145
1 117
10 117 118 122 150 151 380 381 435 2296 2297
7 117 118 150 376 380 1102 1634
6 117 150 151 376 380 2296
2 117 1102
2 117 145
2 117 145
1 117
17 117 118 122 123 151 377 381 393 400 402 1519 1639 1710 2150 2296 2842 3023
17 117 118 122 124 125 131 151 380 381 400 435 1491 1523 2296 2297 2308 2310
9 117 118 122 151 381 435 2296 2297 2308
1 117
1 117
4 117 118 126 145
10 117 118 125 145 151 377 380 381 400 2296
4 117 118 145 151
2 117 118
3 117 118 123
8 117 118 145 150 380 381 383 400
8 117 118 125 145 380 400 435 2296
5 117 118 400 1716 2297
6 117 118 126 145 380 435
8 117 118 125 145 151 381 400 2296
3 117 133 357
3 117 151 2310
2 117 150
3 117 150 380
2 117 119
2 117 119
2 117 119
3 117 119 363
1 117
2 117 1797
1 117
2 117 141
1 117
1 117
2 117 2280
6 117 1497 1551 1649 2150 2310
1 117
1 117
1 117
1 117
1 117
1 117
1 117
1 117
1 117
1 117
1 117
1 117
1 117
1 117
1 117
1 117
1 117
1 117
1 117
1 117
1 117
1 117
1 117
1 117
1 117
1 117
1 117
1 117
1 117
1 117
1 117
1 117
1 117
1 117
1 117
1 117
1 117
1 117
1 117
1 117
1 117
1 117
1 117
1 117
1 117
1 117
1 117
1 117
1 118
3 118 372 376
11 118 127 128 136 145 147 357 377 439 1489 3045
3 118 1550 2296
5 118 145 435 2694 2989
6 118 139 150 380 381 390
2 118 414
6 118 151 380 381 400 2296
4 118 145 372 376
2 118 918
3 118 823 1017
3 118 372 2266
1 118
2 118 2297
2 118 376
6 118 150 376 380 435 2296
2 118 376
4 118 151 376 400
9 118 122 124 125 151 376 381 400 2296
8 118 145 150 376 380 381 2297 2893
29 118 376 398 749 889 970 1493 1541 2257 2269 2270 2271 2272 2273 2274 2881 2896 2905 2906 3388 3420 3421 3732 3736 3819 3860 3945 3947 4036
3 118 140 3910
1 118
2 118 2266
2 118 2266
2 118 2266
2 118 2266
2 118 2266
3 118 2266 2310
4 118 151 381 2296
9 118 122 150 151 380 383 404 2296 2297
9 118 122 125 150 151 380 381 400 2296
4 118 145 381 400
1 118
6 118 2196 2302 2332 2405 2411
6 118 145 380 381 435 2310
3 118 126 2964
7 118 145 151 2296 2694 3023 3181
2 118 380
9 118 123 145 150 151 381 400 435 2296
5 118 145 381 402 2297
2 118 439
5 118 145 150 380 381
2 118 145
1 118
3 118 380 2297
5 118 381 400 2296 2310
1 118
5 118 381 400 2296 2308
7 118 145 150 380 381 435 2297
47 118 124 125 134 150 166 377 402 777 838 888 1133 1491 1534 1550 1626 1640 2110 2128 2160 2162 2167 2168 2169 2173 2178 2181 2249 2253 2261 2264 2275 2276 2277 2283 2285 2292 2294 2312 2315 2847 2848 2881 2986 3101 3126 3127
31 118 380 404 799 812 840 852 1102 1500 1545 1667 1756 1812 2148 2155 2160 2168 2169 2179 2259 2265 2276 2286 2291 2295 2333 2732 2830 3455 3712 3771
1 118
1 118
2 118 435
2 118 151
2 118 2280
6 118 131 383 404 435 1491
1 118
4 118 150 151 2310
6 118 145 147 2310 2989 2990
4 118 164 2310 2337
22 118 400 777 842 997 1078 1435 1469 1470 1502 1519 1623 2078 2103 2168 2169 2294 2327 2329 2851 2854 3128
2 118 398
65 118 164 185 377 392 762 766 777 781 785 810 829 837 842 873 878 888 895 956 997 1024 1061 1078 1085 1096 1104 1171 1186 1196 1435 1470 1478 1487 1490 1491 1496 1502 1525 1598 1635 1640 1669 1679 1695 2007 2155 2168 2183 2197 2274 2281 2292 2305 2306 2307 2313 2320 2329 2367 2842 2847 2854 3119 3424 3462
1 118
2 118 2296
3 118 145 2310
2 118 125
7 118 125 145 151 380 381 2296
3 118 145 357
2 118 126
1 118
2 118 380
5 118 125 145 146 2310
1 118
3 118 1133 2338
7 118 1560 2156 2704 3481 3533 3539
1 118
1 118
1 118
6 118 134 151 381 400 2308
2 118 145
5 118 357 2308 2310 2989
1 118
2 118 145
2 118 2280
6 118 150 151 381 435 2297
2 118 125
2 118 145
4 118 381 400 435
4 118 134 164 2307
3 118 145 2322
1 118
3 119 443 3302
1 119
4 119 1572 1854 2372
5 119 1240 1573 1604 3302
1 119
5 119 1571 1572 1573 1723
1 119
3 119 912 1232
5 119 354 1232 1572 1854
4 119 120 121 1455
3 119 121 2372
3 119 1854 1857
2 119 1854
2 119 1854
2 119 1854
2 119 912
2 119 3302
1 119
2 119 1723
2 119 912
1 119
2 119 1236
7 119 1236 2366 2493 2495 2501 3099
4 119 120 121 1770
1 119
5 119 120 1469 2372 2461
4 119 2362 2372 2541
5 119 145 1727 2310 3306
3 119 354 1455
8 119 1455 1766 2370 2377 2391 2414 2433
20 119 354 749 1455 1766 2369 2374 2414 2418 2421 2427 2430 2432 2433 2451 2455 2458 2461 2495 2607
5 119 354 772 1384 1455
15 119 765 919 949 1573 1587 2342 2350 2365 2366 2382 2403 2464 2475 2627
4 119 354 2503 2822
2 119 2370
1 119
1 119
2 119 2369
1 119
1 119
2 119 121
1 119
3 119 2372 3161
1 119
1 119
2 119 1163
1 119
1 119
1 119
1 119
1 119
2 119 2369
1 119
1 119
2 119 2607
1 119
1 119
1 119
1 119
1 119
1 119
1 119
1 119
2 119 2372
1 119
2 119 2280
4 119 418 420 429
1 119
1 119
1 119
1 119
2 119 2280
1 119
1 119
4 119 2369 2370 2461
1 119
1 119
1 119
2 119 2370
1 119
1 119
2 119 2370
1 119
1 119
1 119
1 119
1 119
2 119 2370
1 119
2 119 382
2 119 2370
1 119
2 119 2370
3 119 2369 2370
1 119
1 119
1 119
2 119 164
2 119 120
1 119
3 119 120 121
2 119 2461
1 119
1 119
1 119
1 119
1 119
1 119
1 119
1 119
1 119
2 119 2370
1 119
1 119
1 119
2 119 2370
1 119
1 119
2 119 2370
1 119
1 119
5 119 2365 2370 2414 2441
72 120 121 159 459 461 597 742 746 771 906 916 924 928 933 943 1247 1251 1252 1368 1456 1461 1572 1720 1722 1725 1729 1734 1742 1744 1754 2463 2466 2467 2468 2469 2475 2476 2492 2495 2496 2501 2503 2504 2505 2506 2507 2508 2597 2602 2604 2608 2609 2610 2611 2612 3295 3297 3298 3299 3302 3304 3307 3313 3319 3321 3329 3331 3333 3337 3340 3347 3401
7 120 451 2462 3297 3301 3307 3514
4 120 121 451 2372
2 120 451
3 120 451 2462
4 120 121 451 2462
4 120 121 451 2462
6 120 121 354 451 1727 2462
3 120 121 451
2 120 451
4 120 121 453 469
2 120 3294
2 120 453
7 120 916 1232 1571 1727 2372 2462
4 120 121 1455 2462
2 120 121
1 120
3 120 121 1569
1 120
1 120
2 120 145
2 120 909
2 120 909
1 120
1 120
1 120
2 120 121
1 120
1 120
2 120 2540
2 120 2462
2 120 2362
4 120 121 128 2541
5 120 121 2362 2370 2462
6 120 121 140 145 2462 2607
1 120
1 120
1 120
1 120
5 120 121 2362 2462 2541
1 120
3 120 2373 2462
4 120 121 145 2462
4 120 121 145 2462
2 120 2462
4 120 121 145 2462
5 120 121 145 1727 2462
1 120
1 120
2 120 121
3 120 121 1180
1 120
1 120
1 120
1 120
1 120
1 120
1 120
1 120
1 120
1 120
1 120
1 120
1 120
1 120
1 120
2 120 3441
1 120
1 120
1 120
1 120
1 120
1 120
1 120
1 120
1 120
1 120
1 120
2 120 2491
5 120 121 2366 2494 2501
1 120
1 120
1 120
1 120
1 120
1 120
2 120 121
1 120
1 120
1 120
1 120
1 120
1 120
1 120
1 120
1 120
1 120
2 120 121
1 120
1 120
1 120
1 120
1 120
1 120
1 120
1 120
1 120
1 120
1 120
1 120
1 120
1 120
2 120 121
1 120
1 120
1 120
1 120
1 120
1 120
2 120 121
1 120
1 120
1 120
1 120
1 120
2 120 121
1 120
1 120
1 120
1 120
1 120
2 120 121
1 120
1 120
1 120
5 121 443 469 2462 2606
3 121 451 1854
2 121 451
2 121 451
1 121
3 121 904 2462
2 121 469
2 121 2462
2 121 1236
2 121 2597
5 121 1469 2370 2394 2496
4 121 145 2462 3307
2 121 2462
2 121 2462
2 121 2462
3 121 145 2462
1 121
1 121
1 121
1 121
1 121
1 121
1 121
1 121
1 121
1 121
1 121
1 121
1 121
1 121
2 121 2372
1 121
1 121
1 121
1 121
1 121
1 121
1 121
1 121
1 121
1 121
1 121
1 121
1 121
1 121
1 121
1 121
1 121
1 121
1 121
1 121
1 121
1 121
1 121
1 121
1 121
1 121
1 121
1 121
1 121
1 121
1 121
1 121
1 121
1 121
1 121
1 121
1 121
1 121
1 121
1 121
1 121
1 121
1 121
1 121
1 121
1 121
1 121
1 121
1 121
1 121
1 121
1 121
1 121
1 121
1 121
1 121
1 121
1 122
4 122 136 743 744
6 122 139 141 743 2699 3919
2 122 3709
1 122
7 122 131 376 383 918 1537 1551
2 122 2705
2 122 139
1 122
5 122 918 2250 2283 2808
1 122
1 122
1 122
1 122
3 122 2687 2728
2 122 2728
4 122 3559 3561 3948
1 122
1 122
2 122 2323
15 122 2087 2691 2714 2715 2716 2717 2718 2719 2720 2721 2722 2723 2724 2725
1 122
2 122 376
1 122
1 122
1 122
1 122
1 122
1 122
2 122 2705
2 122 2705
2 122 2705
3 122 435 2705
2 122 2705
4 122 151 400 2705
2 122 2705
2 122 2705
3 122 145 2705
2 122 2705
2 122 2705
2 122 2705
1 122
1 122
3 122 2699 2700
3 122 436 1629
2 122 1017
1 122
3 122 435 2297
1 122
1 122
1 122
4 122 1537 1547 1548
1 122
1 122
1 122
2 122 1505
1 122
1 122
1 122
1 122
1 122
1 122
1 122
1 122
2 122 4005
1 122
1 122
1 122
1 122
1 122
1 122
1 122
1 122
1 122
1 122
1 122
1 122
1 122
1 122
1 122
1 122
1 122
1 122
1 122
1 122
1 122
6 122 131 1503 1537 1538 1547
1 122
1 122
1 122
1 122
1 122
1 122
1 122
1 122
2 122 436
1 122
1 122
1 122
1 122
1 122
1 122
1 122
2 122 185
1 122
1 122
5 122 150 151 380 400
1 122
1 122
1 122
1 122
1 122
1 122
1 122
1 122
1 122
1 122
1 122
1 122
1 122
1 122
1 122
1 122
4 123 376 2694 3709
1 123
4 123 376 1497 3133
1 123
1 123
2 123 1523
1 123
3 123 131 1491
1 123
1 123
2 124 1512
1 124
7 124 150 151 381 400 435 1491
2 124 441
2 124 2373
2 124 1851
1 124
1 124
1 124
1 124
1 124
1 125
3 125 473 2297
4 125 151 744 3709
2 125 918
1 125
2 125 400
2 125 400
2 125 400
1 125
2 125 400
2 125 355
3 125 1693 2870
3 125 147 2989
7 125 781 1502 1509 1679 2167 2310
1 125
1 125
2 125 400
4 125 400 2859 2875
6 125 380 381 435 2296 2310
6 125 381 392 393 400 2296
4 125 381 400 441
2 125 381
3 125 381 2308
3 125 381 400
3 125 381 400
5 125 381 400 2308 2310
3 125 400 2859
2 125 400
2 125 400
2 125 400
7 125 246 400 1625 2147 2846 2855
2 125 400
2 125 400
4 125 214 400 2875
1 125
1 125
1 125
1 125
1 125
1 125
1 125
5 125 848 885 1960 2840
1 125
1 125
1 125
1 125
3 125 2846 2862
2 126 2950
1 126
3 126 918 3713
1 126
7 126 429 1240 2940 2964 2965 3168
4 126 744 2266 2296
3 126 386 744
1 126
3 126 381 400
1 126
2 126 376
1 126
1 126
1 126
6 126 365 3145 3713 4012 4029
1 126
1 126
6 126 1709 2265 2902 2914 2915
3 126 2901 2952
2 126 146
2 126 2266
2 126 2946
1 126
1 126
2 126 2985
2 126 2894
2 126 2893
1 126
1 126
2 126 2266
2 126 2266
1 126
1 126
1 126
1 126
5 126 365 386 2947 2978
2 126 146
1 126
3 126 145 2893
2 126 2893
1 126
3 126 2946 2981
3 126 147 3171
1 126
1 126
1 126
1 126
2 126 2977
7 126 380 400 1519 2938 2978 3914
1 126
1 126
1 126
1 126
2 126 400
1 126
1 126
1 126
2 126 2975
1 126
3 126 2977 3007
1 126
2 126 2981
4 126 1633 2924 2949
1 126
3 126 2880 2984
1 126
1 126
1 126
1 126
1 126
4 126 2897 2917 2953
4 126 365 386 2911
3 126 2962 2979
3 126 2938 2978
2 126 2876
1 126
3 126 1519 2894
3 126 2946 2967
1 126
1 126
1 126
1 126
1 126
1 126
1 126
2 126 199
2 126 2948
1 126
4 126 1898 2282 2880
2 126 2880
1 126
3 126 2953 2981
1 126
1 126
1 126
1 126
3 126 1778 2981
1 126
1 126
2 126 2933
1 126
3 126 2923 2935
6 126 2911 2924 2949 3412 4012
3 126 2948 2981
1 126
6 126 2917 2937 2967 2972 2979
1 126
1 126
2 126 2940
2 126 2900
2 127 2296
1 127
1 127
18 127 147 425 426 842 843 997 1502 1679 2250 2306 2329 2841 2990 3045 3058 3069 3086
6 127 997 1679 2306 2989 3045
1 127
1 127
3 127 426 1519
1 127
1 127
1 127
1 127
4 128 357 404 1519
1 128
2 128 3953
1 128
2 128 2035
1 128
1 128
1 129
2 129 146
4 129 148 1523 2935
2 129 148
1 129
1 129
1 129
1 129
1 129
3 130 139 744
1 130
2 130 326
1 130
1 130
1 130
5 131 136 140 774 3914
2 131 441
1 131
10 131 140 918 1491 1497 1537 1538 2095 2167 2283
1 131
1 131
1 131
1 131
1 132
2 132 1159
1 132
1 132
2 132 999
1 132
1 132
1 132
1 132
1 132
1 132
1 132
1 132
1 132
1 132
1 132
3 133 3145 3837
5 133 2095 2248 2989 2990
1 133
3 133 3048 3049
2 133 3047
8 133 3047 3050 3051 3052 3053 3054 3055
2 133 3049
2 133 3049
3 133 147 3049
2 133 3049
2 133 3049
3 133 134 3049
1 133
1 133
3 133 147 2989
1 133
2 133 1424
1 133
1 133
1 133
1 133
1 133
1 133
1 133
1 133
2 133 2989
1 133
1 133
1 133
1 133
1 133
1 133
1 133
1 133
1 133
1 133
1 133
1 133
1 133
2 133 134
1 133
1 133
2 133 2989
1 133
1 133
4 133 134 3154 3174
3 133 134 164
1 133
1 133
3 134 358 3910
3 134 747 909
4 134 358 372 1144
2 134 136
3 134 136 441
1 134
4 134 1236 2362 3104
1 134
2 134 2296
2 134 146
2 134 918
6 134 203 3099 3116 3132 3144
1 134
3 134 145 918
2 134 918
1 134
3 134 145 3174
5 134 3138 3141 3150 3168
1 134
1 134
1 134
3 134 146 3174
2 134 146
2 134 3104
1 134
1 134
4 134 147 403 2310
2 134 147
2 134 147
1 134
1 134
1 134
1 134
3 134 164 2296
2 134 2296
2 134 2308
1 134
1 134
1 134
3 134 3104 3156
7 134 800 812 1519 2079 2810 3766
1 134
1 134
1 134
1 134
2 134 3110
1 134
1 134
4 134 1468 3110 3422
1 134
1 134
2 134 3104
4 134 2890 3044 3412
1 134
1 134
1 134
1 134
2 134 3110
3 134 842 997
1 134
1 134
2 134 3089
1 134
2 134 3132
1 134
3 134 3174 3177
3 134 3174 3177
1 134
4 134 1469 2382 3174
1 134
1 134
1 134
1 134
1 134
3 134 790 986
3 134 2880 3110
1 134
1 134
4 134 2918 3792 3799
2 134 1974
1 134
7 134 3089 3109 3114 3158 3159 3161
1 134
1 134
3 134 3158 3159
1 134
1 134
1 134
3 134 997 2283
7 135 750 916 1232 1572 1726 1854
1 135
2 135 3190
2 135 3203
3 135 1236 3192
1 135
3 135 3193 3203
1 135
2 135 3184
2 135 145
2 135 3186
5 135 3188 3203 3262 3430
4 135 145 1726 3203
2 135 145
1 135
1 135
1 135
3 135 3203 3221
2 135 3203
2 135 3221
1 135
16 135 3185 3188 3193 3194 3199 3200 3204 3215 3217 3221 3230 3245 3253 3254 3263
2 135 3203
3 135 145 1726
2 135 1726
3 135 145 1726
2 135 3852
2 135 358
1 135
2 135 145
1 135
1 135
1 135
3 135 140 3203
2 135 148
2 135 3203
1 135
1 135
1 135
4 135 3199 3201 3203
1 135
2 135 1384
1 135
1 135
1 135
1 135
1 135
1 135
2 135 3203
1 135
1 135
1 135
1 135
1 135
1 135
1 135
1 135
1 135
1 135
1 135
1 135
1 135
1 135
2 135 3203
1 135
1 135
1 135
1 135
1 135
1 135
1 135
2 135 3203
2 135 3203
1 135
1 135
1 135
1 135
1 135
1 135
1 135
2 135 3193
2 135 3203
1 135
1 135
1 135
1 135
1 135
1 135
1 135
1 135
1 135
1 135
1 135
1 135
1 135
1 135
1 135
1 135
1 135
1 135
1 135
1 135
1 135
1 135
1 135
1 135
1 135
1 135
1 135
1 135
1 135
1 135
81 136 159 443 742 743 745 746 749 753 754 755 756 757 758 759 760 761 906 911 915 916 920 921 923 925 928 931 932 933 1232 1233 1234 1236 1240 1241 1244 1245 1246 1248 1249 1250 1251 1252 1359 1366 1368 1369 1371 1456 1457 1577 1725 1729 1730 1733 1734 1854 2473 3295 3296 3297 3298 3300 3302 3305 3308 3309 3313 3316 3317 3320 3324 3325 3326 3329 3330 3331 3514 3515 3516 3719
9 136 443 451 916 1232 1569 2462 3294 3297
21 136 443 451 473 746 754 757 906 921 923 1368 1369 1569 1723 1732 1745 3294 3298 3299 3300 3514
68 136 443 742 743 744 745 747 748 749 752 754 758 773 906 921 923 928 943 1234 1236 1241 1246 1248 1250 1251 1253 1255 1368 1369 1456 1573 1576 1578 1580 1721 1723 1729 1742 1747 1748 1854 2462 2463 3294 3295 3298 3299 3300 3302 3303 3304 3306 3307 3315 3316 3318 3320 3321 3322 3326 3328 3331 3336 3344 3345 3514 3515 3516
22 136 443 473 742 747 912 916 1232 1236 1241 1254 1569 1572 1573 1854 2462 3294 3296 3297 3302 3307 3514
11 136 443 473 742 916 1232 1569 2462 3296 3297 3514
15 136 742 743 744 747 1240 1572 1573 1723 3294 3296 3297 3306 3323 3514
29 136 742 780 1247 1251 1456 1576 1593 1721 1722 1725 1726 2463 3308 3312 3317 3320 3322 3330 3360 3361 3362 3363 3364 3365 3366 3367 3368 3369
40 136 742 906 908 913 921 943 1233 1240 1245 1249 1251 1368 1378 1456 1573 1587 1722 1729 1730 1742 1753 1754 2340 2343 2356 2462 3294 3297 3298 3304 3307 3313 3318 3319 3321 3331 3345 3376 3516
7 136 742 743 892 916 1199 3297
14 136 742 904 912 916 1240 1571 1573 1723 1854 2462 3297 3302 3307
6 136 742 744 1241 3294 3308
72 136 139 159 742 746 747 749 754 758 772 774 905 906 921 928 957 1234 1240 1251 1269 1367 1456 1475 1476 1575 1594 1599 1612 1613 1720 1721 1722 1729 1760 2151 2367 3297 3300 3309 3311 3313 3314 3315 3316 3317 3318 3320 3322 3325 3326 3327 3330 3333 3343 3344 3346 3350 3351 3352 3360 3362 3363 3364 3365 3402 3406 3445 3446 3450 3460 3548 3896
81 136 139 159 440 742 754 759 761 904 905 906 907 908 910 912 916 928 933 935 940 943 960 962 1016 1233 1234 1240 1242 1244 1245 1247 1249 1250 1251 1252 1253 1255 1256 1272 1366 1456 1460 1575 1576 1720 1722 1723 1724 1725 1727 1729 1730 1742 1744 1755 1765 1854 2462 2463 2608 3297 3298 3302 3304 3313 3317 3319 3320 3321 3329 3330 3331 3333 3336 3337 3338 3341 3347 3401 3515 3516
42 136 742 780 923 931 1237 1244 1250 1251 1367 1371 1456 1594 1721 1722 1726 1739 1769 3294 3301 3305 3312 3317 3318 3319 3320 3322 3330 3334 3337 3342 3345 3352 3360 3361 3362 3363 3365 3367 3393 3461 3727
6 136 139 372 742 3294 3306
1 136
3 136 747 3306
4 136 1726 3301 3308
12 136 139 743 744 2462 3294 3302 3306 3307 3323 3343 3514
7 136 743 744 1240 3306 3323 3343
9 136 750 909 912 1240 1573 3297 3306 3343
9 136 743 744 1240 1723 1726 3294 3297 3306
17 136 354 473 744 747 750 1232 1236 1240 1573 1726 1727 3294 3301 3306 3307 3308
8 136 747 1572 1726 3297 3302 3306 3308
9 136 912 1572 1726 1727 2462 3302 3307 3308
12 136 743 747 1240 1726 1727 3294 3297 3301 3306 3307 3308
10 136 473 744 747 1573 1854 2462 3297 3302 3307
12 136 473 744 750 1236 1240 1241 1726 3297 3301 3306 3308
25 136 745 746 749 754 923 925 928 941 942 943 959 1199 1367 3300 3313 3314 3324 3325 3326 3327 3343 3344 3351 3352
6 136 744 747 1233 3294 3323
8 136 139 744 747 1240 3294 3306 3323
11 136 139 372 744 747 1240 3294 3297 3306 3323 3343
7 136 139 744 1240 1395 3306 3323
4 136 747 3297 3343
5 136 1723 2462 3294 3307
10 136 473 744 1240 1726 3294 3301 3306 3307 3308
11 136 916 1232 1233 1241 1854 2462 3294 3297 3302 3307
2 136 3837
9 136 750 892 904 1240 1727 2462 3306 3307
9 136 750 892 916 1232 1236 1241 1726 3308
5 136 750 1232 1455 1573
7 136 743 1232 1233 1363 3297 3307
14 136 145 904 912 916 1232 1240 1572 1573 1723 1854 2462 3307 3308
5 136 1240 1572 1723 3307
1 136
4 136 1727 2462 3441
4 136 904 1572 3307
4 136 145 1726 3308
31 136 159 742 744 745 746 748 749 754 771 897 916 921 928 942 964 1749 1854 3306 3313 3314 3315 3323 3326 3328 3344 3350 3351 3352 3460 3891
5 136 3297 3306 3323 3343
9 136 473 747 750 1241 1572 3297 3302 3308
4 136 750 1726 3306
9 136 750 1233 1236 1573 1723 1727 2462 3307
1 136
8 136 354 744 750 1384 1455 1726 1727
4 136 1658 3306 3343
5 136 743 3306 3323 3343
8 136 744 747 1240 3306 3308 3323 3343
1 136
2 136 3713
1 136
1 136
3 136 139 743
5 136 139 390 743 3702
3 136 145 743
5 136 1726 3301 3306 3308
3 136 3301 3308
7 136 744 1240 1726 3301 3306 3308
6 136 1726 1727 3301 3306 3308
5 136 1240 1726 3301 3306
6 136 1240 1726 3301 3306 3308
2 136 3301
4 136 1726 3301 3308
3 136 1726 3301
2 136 3301
3 136 744 4005
4 136 142 744 3866
6 136 744 750 1240 1572 1726
5 136 744 1241 1726 1727
4 136 140 744 4005
3 136 139 744
4 136 1572 1727 3302
2 136 3709
1 136
1 136
1 136
2 136 386
2 136 140
1 136
1 136
1 136
1 136
1 136
3 136 372 2266
3 136 139 3702
1 136
2 136 139
2 136 145
2 136 3308
1 136
2 136 3914
2 136 140
2 136 139
1 136
1 136
1 136
3 136 2462 3307
2 136 3306
1 136
2 136 140
3 136 140 142
2 136 3306
1 136
3 136 146 413
2 136 145
1 136
1 136
3 136 2978 3145
1 136
1 136
1 136
2 136 3718
4 136 140 146 4005
2 136 139
1 136
2 136 2266
2 136 2266
3 136 140 3141
1 136
4 136 139 381 2310
5 136 139 142 3919 4005
1 136
1 136
1 136
1 136
2 136 3193
1 136
1 136
2 136 139
6 136 140 145 146 3894 4005
1 136
1 136
1 136
1 136
1 136
1 136
3 136 2528 3340
1 136
1 136
2 136 139
2 136 3306
5 136 139 140 3306 4005
1 136
2 136 386
1 136
3 136 139 3306
1 136
1 136
1 136
1 136
4 136 185 380 2297
3 136 139 390
1 136
2 136 774
1 136
5 136 139 372 3306 3343
3 136 1726 3308
2 136 2310
1 136
1 136
1 136
4 136 139 390 3702
1 136
1 136
1 136
2 136 390
1 136
1 136
1 136
1 136
1 136
1 136
1 136
1 136
1 136
1 136
2 136 2323
1 136
1 136
2 137 3488
2 137 3488
1 137
1 137
6 137 1240 1251 3484 3485 3489
3 137 1240 3488
2 137 1240
1 137
1 137
1 137
1 137
1 137
1 137
1 137
1 137
2 138 3500
7 138 3499 3503 3504 3505 3506 3507
1 138
1 138
2 138 3500
2 138 3500
2 138 3500
2 138 3500
2 138 3500
1 138
1 138
1 138
1 138
1 138
1 138
25 139 443 560 561 742 745 753 754 920 921 1232 1239 1240 1243 1368 1723 2463 3294 3296 3297 3298 3299 3300 3313 3515
15 139 354 743 747 912 916 1232 1240 1572 1573 1723 3294 3297 3307 3514
15 139 743 744 912 916 1232 1240 1572 1573 1723 1854 3294 3297 3302 3307
1 139
4 139 750 912 1573
2 139 140
4 139 743 744 4005
2 139 743
3 139 140 743
4 139 743 1503 1505
4 139 743 747 3702
3 139 743 3702
4 139 384 743 1706
5 139 387 743 2035 3702
3 139 384 743
4 139 384 743 3702
3 139 743 744
2 139 743
3 139 743 1573
3 139 743 2323
2 139 743
2 139 743
2 139 743
2 139 743
2 139 743
4 139 743 2323 3702
1 139
4 139 145 747 3702
4 139 140 149 4005
1 139
1 139
1 139
1 139
1 139
2 139 3306
1 139
1 139
1 139
1 139
1 139
1 139
1 139
1 139
1 139
1 139
2 139 2701
1 139
2 139 2701
2 139 145
2 139 376
2 139 390
1 139
2 139 140
2 139 155
1 139
2 139 1505
1 139
1 139
1 139
1 139
2 139 3702
1 139
2 139 3702
1 139
1 139
1 139
1 139
2 139 145
1 139
1 139
1 139
1 139
1 139
1 139
2 139 384
1 139
2 139 390
2 139 145
1 139
1 139
1 139
1 139
1 139
1 139
1 139
2 139 3702
1 139
1 139
2 139 436
1 139
1 139
1 139
1 139
1 139
1 139
1 139
1 139
2 139 390
1 139
1 139
1 139
2 139 3702
1 139
1 139
3 139 390 435
1 139
1 139
1 139
1 139
1 139
2 139 390
1 139
1 139
3 139 140 4005
1 139
1 139
1 139
1 139
1 139
1 139
1 139
1 139
1 139
1 139
1 139
1 139
2 139 3837
1 139
1 139
3 139 384 3702
1 139
2 139 380
1 139
1 139
1 139
2 139 380
2 139 390
1 139
3 139 185 3702
1 139
1 139
1 139
2 139 3702
1 139
2 139 376
1 139
1 139
2 139 390
2 139 390
1 139
1 139
1 139
3 139 384 436
1 139
1 139
1 139
1 139
1 139
1 139
1 139
1 139
1 139
1 139
1 139
3 139 384 3702
1 139
1 139
2 139 390
1 139
2 139 3702
1 139
2 139 390
1 139
1 139
1 139
2 139 384
3 139 185 390
2 139 3702
1 139
3 139 387 3702
1 139
2 139 390
1 139
1 139
1 139
1 139
1 139
1 139
28 139 384 743 760 922 1070 1932 2142 3358 3389 3466 3524 3525 3527 3529 3539 3541 3574 3576 3599 3615 3643 3652 3656 3678 3683 3691 3693
1 139
1 139
2 139 390
1 139
2 139 390
3 140 742 1236
75 140 376 742 786 955 1459 2144 2688 2808 2831 3377 3710 3721 3725 3728 3734 3743 3749 3750 3751 3754 3755 3756 3757 3760 3761 3763 3768 3771 3772 3773 3774 3775 3776 3777 3778 3779 3780 3781 3782 3783 3784 3785 3786 3787 3788 3789 3790 3791 3792 3793 3794 3795 3796 3797 3798 3799 3800 3801 3802 3803 3804 3805 3806 3807 3808 3809 3810 3811 3812 3813 3814 3815 3816 3817
4 140 742 3709 3713
5 140 147 742 3713 3837
3 140 742 2297
31 140 742 1262 1366 1459 1590 1614 2878 2890 3354 3710 3711 3724 3728 3730 3733 3762 3766 3768 3777 3790 3812 3824 3886 3888 3890 3899 3900 3901 3902 3903
4 140 2150 3837 3914
2 140 451
1 140
1 140
2 140 3416
2 140 3294
1 140
2 140 3709
1 140
1 140
2 140 3713
5 140 147 3709 3837 4005
1 140
2 140 3308
4 140 376 3709 3713
2 140 372
2 140 3713
1 140
3 140 376 2266
3 140 918 3713
4 140 376 3709 3910
1 140
2 140 2266
1 140
1 140
1 140
1 140
1 140
1 140
3 140 423 3709
1 140
1 140
1 140
1 140
1 140
4 140 372 376 3709
3 140 376 3709
3 140 376 3709
1 140
2 140 3837
4 140 376 3709 3864
3 140 389 3709
3 140 3709 3919
2 140 3709
4 140 376 398 3866
2 140 146
2 140 3709
2 140 3709
2 140 3713
4 140 403 744 3709
4 140 744 1649 3914
3 140 744 918
5 140 146 744 3133 3713
2 140 744
5 140 376 744 3709 3713
1 140
1 140
4 140 376 2297 3709
2 140 3709
3 140 376 3709
2 140 3709
3 140 372 3709
3 140 376 3709
4 140 441 3709 3713
2 140 3709
5 140 372 376 3709 3837
3 140 3709 3837
3 140 390 3709
5 140 145 146 376 3709
5 140 372 376 3709 3865
4 140 146 376 3709
3 140 376 3709
2 140 3709
3 140 376 3709
2 140 3709
2 140 3709
3 140 3709 3713
2 140 3709
3 140 3171 3709
3 140 3709 3837
2 140 3709
2 140 3709
2 140 3709
4 140 376 1497 3709
2 140 3709
4 140 376 3171 3709
3 140 376 3709
2 140 3709
3 140 3709 3837
3 140 376 3709
4 140 376 3709 4005
2 140 3709
2 140 3709
3 140 918 3709
2 140 3709
3 140 372 3709
2 140 3709
3 140 376 3709
3 140 3709 3713
2 140 3709
2 140 3709
2 140 3709
2 140 3709
2 140 3709
1 140
3 140 146 2266
1 140
1 140
2 140 146
1 140
2 140 3713
1 140
1 140
1 140
1 140
1 140
1 140
1 140
1 140
1 140
1 140
1 140
1 140
32 140 1594 1933 2082 3044 3332 3640 3711 3714 3725 3753 3779 3780 3793 3802 3839 3847 3857 3859 3873 3924 3941 3945 4006 4008 4020 4021 4025 4040 4060 4089 4091
4 140 396 3865 3866
2 140 3837
1 140
2 140 372
1 140
2 140 145
1 140
1 140
2 140 376
2 140 3837
1 140
1 140
2 140 145
2 140 4005
2 140 3208
2 140 372
1 140
2 140 372
1 140
2 140 3837
1 140
4 140 376 3837 4005
3 140 376 2266
2 140 381
1 140
1 140
3 140 398 3754
3 140 3783 3838
5 140 398 3371 3758 3838
1 140
2 140 372
2 140 381
1 140
1 140
1 140
3 140 145 3837
2 140 145
2 140 1537
1 140
1 140
1 140
1 140
1 140
1 140
1 140
1 140
1 140
1 140
2 140 3713
1 140
2 140 3713
1 140
2 140 3713
2 140 3343
1 140
1 140
4 140 823 3434 3966
2 140 387
2 140 3306
1 140
1 140
3 140 376 3713
2 140 3713
2 140 3713
2 140 3713
3 140 145 3713
1 140
1 140
2 140 146
1 140
1 140
2 140 145
6 140 915 2267 3093 3734 3960
2 140 358
1 140
1 140
6 140 2924 3020 3395 3714 3764
1 140
2 140 376
3 140 376 918
1 140
5 140 2687 3425 3756 3967
4 140 380 381 435
1 140
1 140
1 140
2 140 3837
1 140
1 140
3 140 146 4005
1 140
2 140 145
1 140
1 140
1 140
1 140
2 140 580
1 140
1 140
1 140
1 140
1 140
1 140
3 140 372 3837
2 140 372
2 140 372
2 140 372
4 140 372 2266 3837
4 140 372 398 4005
3 140 376 2266
3 140 375 2701
1 140
1 140
2 140 376
2 140 376
3 140 376 3000
2 140 376
2 140 376
2 140 376
2 140 376
2 140 376
2 140 376
3 140 376 3910
2 140 376
1 140
1 140
1 140
1 140
2 140 3894
3 140 3919 4005
1 140
1 140
1 140
1 140
1 140
1 140
1 140
2 140 380
1 140
1 140
1 140
3 140 146 397
1 140
1 140
1 140
1 140
1 140
1 140
1 140
1 140
1 140
1 140
1 140
1 140
2 140 145
1 140
1 140
1 140
3 140 413 4005
1 140
1 140
1 140
1 140
1 140
2 140 145
1 140
3 140 145 4005
30 140 789 923 1030 1591 1599 1934 1937 1951 2749 3370 3374 3417 3425 3434 3446 3520 3542 3627 3725 3804 3851 3859 3927 3946 3967 3996 4004 4060 4088
3 140 363 3837
1 140
2 140 3837
1 140
1 140
1 140
3 140 2890 2978
1 140
1 140
2 140 1658
1 140
1 140
2 140 145
2 140 146
2 140 3837
2 140 3837
1 140
1 140
1 140
2 140 3837
1 140
1 140
1 140
2 140 2890
1 140
1 140
1 140
1 140
1 140
2 140 1711
2 140 2266
1 140
1 140
1 140
2 140 3837
1 140
2 140 1658
1 140
1 140
1 140
1 140
2 140 145
1 140
1 140
4 140 380 400 435
1 140
1 140
1 140
1 140
1 140
1 140
1 140
2 140 146
2 140 1497
3 140 3837 4005
1 140
1 140
1 140
1 140
1 140
1 140
1 140
1 140
2 140 145
1 140
2 140 432
1 140
1 140
1 140
1 140
1 140
1 140
1 140
1 140
1 140
1 140
1 140
1 140
1 140
1 140
1 140
1 140
3 140 146 4005
3 140 389 3837
1 140
2 140 3837
2 140 1634
2 140 145
1 140
1 140
