64
16 1 2 3 4 5 6 7 8 9 10 11 12 13 14 15 16
50 0 4 5 17 18 19 20 21 22 23 24 25 26 27 28 29 30 31 32 33 34 35 36 37 38 39 40 41 42 43 44 45 46 47 48 49 50 51 52 53 54 55 56 57 58 59 60 61 62 63
1 0
2 0 29
2 0 1
2 0 1
1 0
1 0
1 0
1 0
1 0
1 0
1 0
1 0
1 0
1 0
1 0
1 1
7 1 21 23 28 29 30 31
1 1
1 1
2 1 18
4 1 30 60 61
3 1 18 29
1 1
1 1
1 1
4 1 30 48 53
3 1 18 30
11 1 3 18 23 30 31 35 47 54 60 61
7 1 18 22 27 28 29 32
3 1 18 29
4 1 30 34 42
1 1
2 1 32
2 1 29
1 1
1 1
1 1
1 1
1 1
1 1
2 1 32
1 1
1 1
1 1
1 1
2 1 29
2 1 27
1 1
1 1
1 1
1 1
2 1 27
2 1 29
1 1
1 1
1 1
1 1
1 1
3 1 22 29
3 1 22 29
1 1
1 1
